[{
    "sample_size": 1500,
    "dim": 32,
    "delta": [
        0.14248688987549474,
        0.09995027970180217,
        0.1541221620705896,
        0.13879543927987104,
        0.15489479576954485,
        0.19674078374580128,
        0.18686777239553912,
        0.13863353608763185,
        0.16432053529314095,
        0.18783419630748643,
        0.09906095146627696,
        0.0941768943174008,
        0.18686777239553912,
        0.10403919087988438,
        0.19494090699866495,
        0.12908640378496794,
        0.16726495818214154,
        0.15574597780535554,
        0.1507278119938742,
        0.14737216486167054,
        0.1435957285096341,
        0.1541221620706247,
        0.19388686693007098,
        0.13760616087121827,
        0.18784454940646952,
        0.10832006035128337,
        0.16409878556854,
        0.15429696302051216,
        0.17951609516176126,
        0.14298084688696386,
        0.15071856328369165,
        0.15072503208460047,
        0.18374324608370768,
        0.18015698888271375,
        0.154408117419644,
        0.15115819595078508,
        0.10595450430793382,
        0.16656406430315346,
        0.1768112202618469,
        0.14305493196611788,
        0.19438906920019589,
        0.15413617314630304,
        0.17692214127863698,
        0.15412216207062485,
        0.1463812604861909,
        0.17194106547433627,
        0.154408117419644,
        0.19388696997760413
    ],
    "diam": [
        5.491320581613962,
        6.468618474322983,
        7.33387604717331,
        7.328601015732878,
        7.33387604717331,
        4.578266329621277,
        7.130429507845415,
        7.810249675906655,
        8.585359214837837,
        4.5737003663469595,
        5.902798062474489,
        5.493729922689084,
        7.130429507845415,
        8.658876237642778,
        8.658876237642778,
        6.468618474322983,
        9.272331837181776,
        7.211102550927979,
        5.510501055365263,
        7.33387604717331,
        5.448917099061827,
        7.33387604717331,
        7.810249675906655,
        7.976763932927624,
        4.5737003663469595,
        7.130429507845415,
        5.465267071327622,
        5.411842920734267,
        4.599413194099559,
        7.787426033985113,
        5.493729922689084,
        8.122569648751234,
        5.510501055365263,
        7.864033632071558,
        7.211102550927979,
        5.526906522366612,
        7.810249675906655,
        4.488917774763936,
        5.473620610249114,
        7.901249401840921,
        7.918863103236535,
        7.328601015732878,
        5.597727358494157,
        7.33387604717331,
        5.493729922689084,
        4.602289480622597,
        7.211102550927979,
        7.810249675906655
    ]
}, {
    "sample_size": 1500,
    "dim": 64,
    "delta": [
        0.0972259130271303,
        0.17710659975530585,
        0.19216901842958417,
        0.15438444006456942,
        0.11202352986362618,
        0.16649705804712467,
        0.19388696997760413,
        0.17883757198845246,
        0.18018259460774128,
        0.1763432663331579,
        0.19494011845155568,
        0.1544037007809505,
        0.13157312158769266,
        0.17924540861914398,
        0.18685401898189724,
        0.14955533797185278,
        0.1320287531198572,
        0.1153484397781571,
        0.20634126310537124,
        0.18017281038932043,
        0.1573306128651366,
        0.17790089421374491,
        0.1784626261501546,
        0.103261065940974,
        0.16516638267648592,
        0.1543010667895611,
        0.10098933985942492,
        0.11791277208561474,
        0.1868677723955391,
        0.09671954088458876,
        0.1970796113625269,
        0.1784626316609321,
        0.18127646393525848,
        0.15413617316576084,
        0.14071502950578915,
        0.14256301854770562,
        0.11762571015162708,
        0.17669626823427817,
        0.1792983134850097,
        0.15440811741964375,
        0.12760478793142938,
        0.14379857388781925,
        0.19087875484752703,
        0.1083101416653188,
        0.16293447483520357,
        0.1425630185477424,
        0.18889761521954754,
        0.149967885409001
    ],
    "diam": [
        8.54263929641284,
        7.810249675906655,
        8.485281374238568,
        7.211102550927979,
        7.333876049440546,
        7.07106781186548,
        7.810249675906655,
        8.528170918490598,
        9.368516909003244,
        7.810249675906655,
        8.659293416353364,
        7.211102550927978,
        8.585359216681075,
        8.585359216681075,
        7.130429507845415,
        5.5213677432066035,
        9.272721416633884,
        7.872527303770808,
        4.635245598209698,
        9.368516909003244,
        7.130429507845417,
        4.647812323389007,
        8.485281374238571,
        9.272721416633884,
        5.608405514956721,
        7.261521825002579,
        7.810249675906654,
        8.48528137423857,
        7.130429507845417,
        8.646526704820525,
        4.5832503079311575,
        8.485281374238571,
        9.311984841526769,
        7.328601017892209,
        7.810249675906654,
        7.810249675906654,
        8.585242300809316,
        7.856825008550769,
        8.585359216681075,
        7.211102550927978,
        8.48528137423857,
        7.810249675906654,
        8.54263929641284,
        7.92374519457546,
        8.54263929641284,
        7.8102496759066575,
        8.632232453070424,
        5.737276434499299
    ]
}, {
    "sample_size": 1500,
    "dim": 128,
    "delta": [
        0.13942154805805976,
        0.13093702402749433,
        0.10896452158487507,
        0.22242798301052744,
        0.12643155879641638,
        0.17883757199200107,
        0.1314341999463199,
        0.1709628319642237,
        0.1312216672966485,
        0.11821796142462222,
        0.1426098408577412,
        0.1229569536108783,
        0.16237251095393831,
        0.13223870896785667,
        0.18583411530607455,
        0.12952886771270009,
        0.2006311204011302,
        0.20055636877439248,
        0.1455078319163776,
        0.1858412587711725,
        0.11850397381444489,
        0.14281542568324437,
        0.10665727163389996,
        0.18584137929831937,
        0.1789582956515872,
        0.15016290115748232,
        0.13200599554932424,
        0.08034148458314706,
        0.19388696997760413,
        0.154408117419644,
        0.14245773190092662,
        0.1257150093704413,
        0.16645981431739063,
        0.08555112128340164,
        0.18686777239553912,
        0.1433281602291125,
        0.20574277561576904,
        0.16726619654696726,
        0.222322900323383,
        0.10157009800687422,
        0.11270139278390608,
        0.12893465617533117,
        0.17634173552743215,
        0.19494009770425483,
        0.17730210120777007,
        0.13333437190617428,
        0.19896981665226335,
        0.1431842744753955
    ],
    "diam": [
        7.680075028443121,
        8.632282081177605,
        7.8102496759066575,
        7.328648002208647,
        9.311995026390736,
        8.528170918910893,
        8.54263929641284,
        4.669692392767798,
        8.485281374238568,
        8.54263929641284,
        7.856825009006976,
        7.071067811865476,
        4.568056034816823,
        8.585399323285827,
        7.071067811865476,
        8.485281374238573,
        7.810249675906654,
        7.810249675906655,
        8.485281374238573,
        7.071067811865476,
        7.130429507845417,
        7.864033632071558,
        7.8102496759066575,
        7.071067811865476,
        8.54263929641284,
        7.211102550927979,
        9.272731660223734,
        8.528170918910892,
        7.810249675906655,
        7.211102550927979,
        7.810249675906658,
        7.203372035047776,
        7.071067811865476,
        9.272731660223736,
        7.130429507845415,
        5.830951894845304,
        7.92379926070765,
        9.272731660223734,
        7.0458501427995985,
        8.123026064375,
        7.306536677893563,
        7.278508511269109,
        7.810249675906657,
        8.659304385602553,
        7.923799260707651,
        8.528170918910893,
        7.87252730377081,
        8.123026064375
    ]
}, {
    "sample_size": 1500,
    "dim": 256,
    "delta": [
        0.17858109049582252,
        0.12312068664568616,
        0.18245354622671567,
        0.08320472523371085,
        0.1498164537940606,
        0.10751394132471483,
        0.2840453865225673,
        0.2435995498594376,
        0.19388682061853452,
        0.10759129706935165,
        0.14262121567273087,
        0.16744790853914174,
        0.1314559267226599,
        0.17633971225935485,
        0.10572165657696249,
        0.1627851848027567,
        0.16244988843248562,
        0.08865590978322054,
        0.12951935351750185,
        0.1735888938569099,
        0.18672547528699027,
        0.19388696997760382,
        0.13601371228360112,
        0.20050235722399262,
        0.09810130424114323,
        0.18103874689656763,
        0.10794936473321069,
        0.13688264592385968,
        0.16726443659760698,
        0.17923067033880377,
        0.11781186225473328,
        0.2212374442152014,
        0.16009976577884036,
        0.10767334009249643,
        0.14379174649059204,
        0.13079219650697582,
        0.16337937772174602,
        0.17476432357586671,
        0.14783366426829797,
        0.1789582956515872,
        0.13138957272339807,
        0.11556853848372978,
        0.135743263493992,
        0.157303486550292,
        0.16265431894838836,
        0.1627999613477972,
        0.14422041035879118,
        0.16647982147736357
    ],
    "diam": [
        5.716399314840834,
        6.455789736872848,
        6.4031242374328485,
        9.364691334231729,
        8.172195089373579,
        7.810249675906657,
        5.7376596867947125,
        6.403124237432853,
        7.810249675906655,
        7.810249675906654,
        7.919158543366412,
        5.7737422956482,
        9.313610413216464,
        7.810249675906654,
        7.810249675906657,
        8.529886702056888,
        8.485281374238568,
        8.64666218705893,
        6.7286758026476825,
        6.455789736872846,
        8.707892780299183,
        7.810249675906658,
        7.810249675906655,
        7.8102496759066575,
        8.58999888408013,
        8.585631720204008,
        7.864033632071558,
        8.123076492735622,
        9.272775836114775,
        8.585631720204008,
        8.62971831656934,
        7.071067811865476,
        7.257907489539445,
        8.48528137423857,
        7.810249675906657,
        8.586946680779134,
        8.58999888408013,
        6.403124237432853,
        6.455789736872846,
        8.54263929641284,
        8.529886702056888,
        8.659351690908164,
        6.403124237432849,
        7.211102550927978,
        8.48528137423857,
        8.529886702056887,
        7.787426033985113,
        7.07106781186548
    ]
}]