[{
    "sample_size": 1500,
    "dim": 32,
    "delta": [
        0.0612691506876817,
        0.08859195233478281,
        0.08101869506425517,
        0.05985399121011491,
        0.06516826701086458,
        0.04491153458032312,
        0.06438078822820797,
        0.06462868238719201,
        0.0622232434775381,
        0.03387152186262017,
        0.055989286812005094,
        0.07886071523086886,
        0.0844846480952481,
        0.06667072949217145,
        0.06294190053528807,
        0.07963031483560079,
        0.04229657923567225,
        0.17076989908682705,
        0.032544352018064604,
        0.06710995594947967,
        0.08020167334122853,
        0.023227886280221672,
        0.05679436138338394,
        0.060362137771323245,
        0.06298703936009428,
        0.06496408501185422,
        0.029561172167789373,
        0.07446383177360665,
        0.16745252264557,
        0.07942693683642432,
        0.06471898140693266,
        0.06354181170689775,
        0.17965674679560137,
        0.059230177872302295,
        0.06256459985255917,
        0.08401070612957157,
        0.07062933826070923,
        0.07720222266290276,
        0.06521641705121467,
        0.07865840353150326,
        0.06631901913429802,
        0.0692918425458518,
        0.07563338164646892,
        0.08363174126490623,
        0.06483215180559347,
        0.06326587434041084,
        0.05287956216446383,
        0.06349463956519923
    ],
    "diam": [
        10.196380441559928,
        9.810819699460806,
        4.490723684045708,
        10.3018289941895,
        4.465689179565762,
        14.404453134741571,
        2.87769972124532,
        12.84901909586536,
        9.836184312224143,
        10.75531349049396,
        11.417870228514728,
        4.471539926164952,
        4.518515008556896,
        4.511696024900371,
        9.790569824253241,
        4.465269648981755,
        15.4873941663957,
        4.471539926164949,
        11.268830683454024,
        2.9882013694315908,
        5.423621918057727,
        16.43188504849286,
        11.357791194251368,
        11.417870228514728,
        2.8277918725826074,
        2.9010820726619118,
        1.4542014098184866,
        2.9077602502551914,
        12.883381487484874,
        13.5864103906562,
        2.8724273924052017,
        2.822380945194025,
        4.5297170245460725,
        10.55695049072928,
        2.817434463738474,
        4.51169602490037,
        4.126214137618817,
        2.8043440459594993,
        3.074962890298706,
        4.523791156542102,
        2.818090022067426,
        3.640763697731754,
        4.704726815537207,
        16.26952708228933,
        2.87695953275328,
        2.8143129782126968,
        12.59408533435481,
        2.8219607759999388
    ]
}, {
    "sample_size": 1500,
    "dim": 64,
    "delta": [
        0.06746797260610231,
        0.07859255634584603,
        0.056620161591378594,
        0.0404972264306397,
        0.03207175204491887,
        0.06533399786289337,
        0.0396150736198043,
        0.04827385931124615,
        0.0776580051312917,
        0.05465709676731368,
        0.0764841189492407,
        0.06665785173300326,
        0.06381286795023834,
        0.05322619219685235,
        0.06450191483792306,
        0.06708796119512338,
        0.0627891832891311,
        0.08132542227312685,
        0.06689929235230772,
        0.0466294516787128,
        0.06584680301319965,
        0.03852105008565163,
        0.07857606074455592,
        0.1582327800125444,
        0.07885043084284117,
        0.04381381061208872,
        0.06478100876898304,
        0.06121445240627447,
        0.04337261903233814,
        0.04040888235964543,
        0.06530883031651544,
        0.29305856013548814,
        0.05631910091608489,
        0.06426193754117251,
        0.045241451889357166,
        0.07104829819682287,
        0.06854080714842863,
        0.06257512073131283,
        0.0788122389457204,
        0.06333560789283732,
        0.07857987838037665,
        0.16960154930746915,
        0.19125661460009885,
        0.06460860616560084,
        0.07881476900369341,
        0.038906399720468374,
        0.06319837928379528,
        0.04894610929272396
    ],
    "diam": [
        12.844939506565234,
        4.471602837689308,
        11.357609609175093,
        15.361928971717889,
        12.037767711353583,
        2.9178097206357596,
        17.9720239219406,
        12.21621769795012,
        10.640433993320746,
        11.661658649428968,
        6.984751458739062,
        9.314407066855116,
        4.568057468961396,
        10.809542093868204,
        2.882258798331795,
        4.1701859955790175,
        9.790167045062727,
        2.4369365484595225,
        8.543330515762456,
        12.60193312628841,
        4.560862628261867,
        17.225768603021887,
        4.500430456683004,
        11.89912225257344,
        4.50928121562082,
        14.553534848487365,
        4.518048441811666,
        10.205301210707796,
        14.995443070104,
        8.935609327132218,
        8.795665947901265,
        2.8336156225009677,
        10.630084265374638,
        2.8729311387336054,
        15.264251123801738,
        9.4841792222058,
        3.6747857295803588,
        9.857924148520977,
        4.511466383896457,
        9.165013036148755,
        13.478990777854461,
        4.465283162922984,
        9.59130335754425,
        2.8679761663285364,
        2.270945714987708,
        17.65979822823047,
        2.8348007723891184,
        12.103781314173549
    ]
}, {
    "sample_size": 1500,
    "dim": 128,
    "delta": [
        0.07233693401606864,
        0.049371088028254934,
        0.03773453387529115,
        0.1228965931447624,
        0.07631619636996677,
        0.132642129746466,
        0.053821272731670006,
        0.04955470291030782,
        0.053722583412968775,
        0.07723234000298852,
        0.11294190544739921,
        0.03167428056501255,
        0.07054871008964027,
        0.18302610104891567,
        0.0836569820718336,
        0.0790009117361405,
        0.2773966039268067,
        0.05963028598167215,
        0.17851869623635508,
        0.06893586062945502,
        0.05311472105851198,
        0.06136030199920551,
        0.032014882867067725,
        0.04357599943957689,
        0.08983851203303264,
        0.05022957175080652,
        0.07590430667507433,
        0.04231453681854912,
        0.12350715594373739,
        0.16251176023925146,
        0.09269437624133489,
        0.0531516143501418,
        0.045182272257522936,
        0.08208146111680253,
        0.08673157128132897,
        0.048955516614455206,
        0.055276736227902315,
        0.043366056214603994,
        0.0648938684929252,
        0.037426551472152736,
        0.08336557063204697,
        0.05255940138168322,
        0.07207112872731057,
        0.2596216321942453,
        0.07266515159700847,
        0.10203888318712108,
        0.04776659009636492,
        0.047380641561434296
    ],
    "diam": [
        7.777629948157436,
        12.154405380955804,
        17.88384663360757,
        10.67925812654748,
        21.931596727544147,
        6.496949988885263,
        11.219387504589339,
        12.46122615518443,
        15.51475631001488,
        9.48658484596113,
        5.38460109560141,
        12.389546077639947,
        4.135455741573042,
        4.468139669991806,
        9.877392078485846,
        22.378932352992244,
        2.9597295386550573,
        10.347141806103116,
        3.071465616284853,
        7.210941911349537,
        10.665514639319964,
        10.204940330787778,
        11.512473420819095,
        14.828216371004672,
        15.32573470011977,
        12.522250997941685,
        10.773910184586871,
        15.198371675274311,
        6.324361539508334,
        3.0714656162848533,
        9.81799052606604,
        14.307353318792922,
        14.619542378379279,
        5.386019164621619,
        8.752419583307313,
        13.299550618876198,
        10.450554087342388,
        15.13260258604558,
        10.671206866054812,
        12.639141500373329,
        12.873135379471824,
        12.807953264350447,
        11.523488145852351,
        3.1984427187971334,
        10.433256808205948,
        3.607170184053441,
        13.669653119929876,
        13.341123708812553
    ]
}, {
    "sample_size": 1500,
    "dim": 256,
    "delta": [
        0.05929248368221386,
        0.059195292428907656,
        0.07295320494894043,
        0.059086061757935925,
        0.07366827007173272,
        0.10261450863730522,
        0.05569620968791196,
        0.05833932999134687,
        0.0444434212793632,
        0.09124625792488375,
        0.0699080403948821,
        0.05515798619111257,
        0.08476832918452858,
        0.050780943981493805,
        0.05371993759435322,
        0.06365749436561223,
        0.05930046193031183,
        0.06377684585035,
        0.0391919949045949,
        0.07059776691661014,
        0.09631857019371874,
        0.04273982634126363,
        0.06524235332163099,
        0.04418348492103377,
        0.058966563683717846,
        0.060319779827174444,
        0.07733883236374563,
        0.07031808258643346,
        0.03444461470412879,
        0.07063198235077477,
        0.094118688556505,
        0.06606881726327124,
        0.05302912888121072,
        0.06407873737569274,
        0.05419047010011074,
        0.11162596120054534,
        0.0575886728870835,
        0.05362748979278319,
        0.09380964151855939,
        0.05210113541262812,
        0.05869484501627478,
        0.0696130309364272,
        0.05260691538905634,
        0.04592222812701566,
        0.06439462806733931,
        0.08494607082308558,
        0.058497064852783116,
        0.048305406869705365
    ],
    "diam": [
        13.223244651919002,
        8.712369530614522,
        7.569152788905781,
        12.762465708152904,
        18.841348276415328,
        8.240365299940713,
        10.096151673328414,
        14.033903819758915,
        9.245845155345787,
        11.821339014335667,
        15.619903201791411,
        11.212495453649572,
        12.034085454560646,
        12.205562595537442,
        12.842256877090868,
        10.85791794223225,
        16.155087310514876,
        9.217829338443222,
        16.96865476198421,
        17.66026203232803,
        5.572789402814536,
        15.198539014520172,
        11.309148674736905,
        12.959417230211995,
        8.433841787132609,
        12.999197156640822,
        14.351206295422445,
        13.114749378277219,
        18.246731535567413,
        12.878241577843376,
        10.341723388575765,
        8.558129065370556,
        11.030724370755534,
        12.684395028780642,
        15.743605697747945,
        12.156359460686446,
        20.46809633759075,
        12.04145552892267,
        7.769797020182474,
        10.342303129911288,
        8.246387996159584,
        11.997314743482228,
        11.868919318328395,
        13.99677310974408,
        11.15778671372835,
        13.978610294928824,
        10.859240791820739,
        13.891442607754003
    ]
}, {
    "sample_size": 1500,
    "dim": 512,
    "delta": [
        0.07241839749978428,
        0.0685543669606821,
        0.0868607340944005,
        0.07208051165473738,
        0.08110312103423953,
        0.06885455556479278,
        0.05858391838723066,
        0.06697031607039423,
        0.07176784863384646,
        0.055277912862123225,
        0.07573466151139148,
        0.0764284460998746,
        0.10902798972569654,
        0.07950313438661936,
        0.0653042953686875,
        0.06820081217125268,
        0.06805517523478727,
        0.07788720006660892,
        0.06825916779104758,
        0.06794853815615241,
        0.06423628775505776,
        0.07127335241526987,
        0.054096700311308366,
        0.05774523840084792,
        0.06346725979889183,
        0.0747381530579679,
        0.0658198308353774,
        0.07833420683375918,
        0.06929312757165518,
        0.07907573594793905,
        0.06370187275328541,
        0.09241327408322104,
        0.07742205033281886,
        0.062059409400321515,
        0.0727207504947654,
        0.07407753879145525,
        0.16472355952593107,
        0.0718627023254476,
        0.06395266967488546,
        0.0580398946054587,
        0.06465549034019179,
        0.06682701167395606,
        0.07308227958345966,
        0.06910046514308751,
        0.13459722542775723,
        0.07015075465231148,
        0.059995073900101364,
        0.07109375988147201
    ],
    "diam": [
        14.246716701124582,
        11.657819209340195,
        10.671884585285966,
        14.490000229714527,
        10.14039702136405,
        16.761924729419427,
        13.783289470974651,
        11.99487911106006,
        15.2626313913094,
        10.907476770869414,
        10.908074569639389,
        9.478663835280889,
        10.175463134488707,
        13.225920209323844,
        10.86166958661498,
        13.926733257182896,
        12.203230619752203,
        14.386952119091378,
        12.959976253500972,
        12.160915313770898,
        13.673616339083399,
        15.935898529401468,
        10.048215554829204,
        9.53464770949721,
        22.80347570262314,
        11.445422564438463,
        12.529217014299787,
        14.029270363661153,
        14.348108009262656,
        8.180572916752068,
        12.96141144686301,
        8.941533847912119,
        16.370501964419518,
        12.608583144764005,
        11.440756441266807,
        14.453590310968732,
        11.179740661414476,
        22.912869015769353,
        12.483511798974622,
        9.423129302974901,
        11.868229121920875,
        14.557395934009532,
        8.108457392400943,
        17.748212965322416,
        8.543063670941155,
        14.07075159804685,
        10.148474566809343,
        14.96274914788524
    ]
}, {
    "sample_size": 1500,
    "dim": 768,
    "delta": [
        0.10450337983795914,
        0.07654280303871223,
        0.06693177120898272,
        0.10032613917304804,
        0.0974817423036859,
        0.07890077771967706,
        0.10901897359725612,
        0.09304517038195112,
        0.07558045049284078,
        0.08132772670881419,
        0.07472335808702847,
        0.060086331145501694,
        0.15744261966592532,
        0.07217825339457948,
        0.1467645238683555,
        0.07277292557213194,
        0.07901035183014461,
        0.07209852701253647,
        0.0771577981284073,
        0.06414738528165996,
        0.06325035947581584,
        0.0697619702664987,
        0.07246708440817236,
        0.14655302846794407,
        0.10218175609304901,
        0.07220225745950958,
        0.07007702612833756,
        0.07499170681818712,
        0.0769966239339331,
        0.07499091667783939,
        0.13902934512198806,
        0.11191119098640621,
        0.10092458331657408,
        0.13540260671199766,
        0.09133280538052337,
        0.10419519126379354,
        0.06749709582596776,
        0.07387257068841327,
        0.0809097635932453,
        0.06935026383944312,
        0.07335356567085734,
        0.07136749602818253,
        0.05704318000511614,
        0.1057904802769582,
        0.06305423401905541,
        0.07575724931700105,
        0.10777567866813918,
        0.0683504019794556
    ],
    "diam": [
        10.861204153412604,
        11.52763420207858,
        12.766758404033197,
        11.268437425788857,
        16.49176428069225,
        10.434152411523465,
        10.625104401545835,
        12.60590864011574,
        12.489953140506131,
        16.76264118128636,
        11.26913912753623,
        10.195776840596817,
        12.841350783174912,
        12.20454096415943,
        11.787557923068567,
        10.295629174107424,
        10.675050472200166,
        11.574261891159061,
        10.860065748201537,
        9.948719480979419,
        21.424193005801367,
        12.246093806970263,
        14.201246853396844,
        13.563456454565305,
        9.643619224931497,
        20.46906628795605,
        10.861051684847293,
        11.045341895304224,
        14.140381781767069,
        13.889330635024585,
        7.522034429749657,
        18.867363946965007,
        12.609157780730277,
        12.164233728953196,
        9.037532608967396,
        7.473308966322614,
        15.066203363412024,
        17.719972175784697,
        10.191506873313497,
        12.0329367176979,
        19.722143312137323,
        14.628724400444556,
        12.569617603614782,
        8.120783639365367,
        10.132964498128594,
        17.14616139602858,
        14.247642541718802,
        21.84029204856599
    ]
}, {
    "sample_size": 1500,
    "dim": 1024,
    "delta": [
        0.06993516872303589,
        0.06973515411450487,
        0.06861379349572276,
        0.07517374700203606,
        0.13320358131799992,
        0.09211554226206072,
        0.06538095889005545,
        0.07106117221422206,
        0.07068462062099137,
        0.09023787161203578,
        0.060617860564934824,
        0.09863114822542884,
        0.07190545664283339,
        0.07140385862323805,
        0.07028046314662133,
        0.07054976353042663,
        0.07217916713583333,
        0.0778008348258868,
        0.0638517367907331,
        0.07231350316593108,
        0.07183586760180277,
        0.10621719256028182,
        0.07031007514880559,
        0.10882720837866618,
        0.08206838925696333,
        0.06907446479275357,
        0.09936905785125032,
        0.07657612157606916,
        0.09145474569865882,
        0.08106558381224178,
        0.0682181471155662,
        0.07896612453313594,
        0.07036496260789447,
        0.06438320418653268,
        0.05919074157478274,
        0.06490972167781806,
        0.07608129934311547,
        0.06881387462089018,
        0.06825920938497992,
        0.0642702429429616,
        0.12827762063684503,
        0.08314920801097271,
        0.07474831174538406,
        0.07331104658742478,
        0.06353031444655337,
        0.06294426789632633,
        0.06890204181745012,
        0.0704488319241051
    ],
    "diam": [
        13.963927900901176,
        15.065926682112346,
        12.922223791259096,
        18.841397478566225,
        8.422674450642353,
        9.161351125812727,
        15.13090709801966,
        14.628088380363922,
        12.64799759905402,
        16.73272398563394,
        10.767073504912242,
        12.079173204447061,
        10.388977213757578,
        10.999568495728342,
        10.860869931053086,
        11.530526213189878,
        13.709914382535727,
        9.365545484227969,
        14.247268733912657,
        15.42659364412414,
        10.391584951472462,
        10.997938243612113,
        12.449521113894251,
        12.804034913314979,
        11.22214820876229,
        10.582023600421659,
        9.38025813001027,
        21.212101371814832,
        9.846716912811722,
        19.261315088677673,
        11.444609747495539,
        13.856066723016884,
        10.676286715183078,
        14.59302497772149,
        11.531135827326903,
        13.600426884254384,
        10.486547091311103,
        10.862544833791121,
        11.575780383583893,
        11.915500481996567,
        8.716036672898449,
        11.355072121971611,
        14.034824547978682,
        14.421691273200587,
        10.862779579718065,
        13.378302341530457,
        15.329238677512045,
        11.17790111974136
    ]
}, {
    "sample_size": 1500,
    "dim": 1536,
    "delta": [
        0.06594488650896424,
        0.06630918997776773,
        0.0668283119011593,
        0.06897280454086772,
        0.0751779932179218,
        0.08103875664698858,
        0.06973724318638325,
        0.07762757517985952,
        0.06373345176437273,
        0.08737461182506986,
        0.0710787469642266,
        0.06754533810768104,
        0.11737572448887129,
        0.07426102610880325,
        0.07189401745702119,
        0.11711635086432066,
        0.07186930013031222,
        0.13063539940181296,
        0.08566490898800723,
        0.06504452275879322,
        0.08782349779889952,
        0.09489102400418106,
        0.06960041359699598,
        0.07007843293594503,
        0.07004873571416767,
        0.07054102843776477,
        0.09508506618542636,
        0.06552114998023949,
        0.07885040788730201,
        0.06535651575449528,
        0.06773371930831877,
        0.17133374691544123,
        0.07985760567738279,
        0.06228500068336592,
        0.08588403480701498,
        0.0764429119308559,
        0.08140294908186312,
        0.0685623350724565,
        0.11426985332599225,
        0.08103958963810041,
        0.07520939186868289,
        0.070297025151155,
        0.08674189700495392,
        0.08910815304138836,
        0.07298778669248886,
        0.07069260571456315,
        0.08319067786928541,
        0.06192561412987949
    ],
    "diam": [
        11.135106381026954,
        21.77134364917671,
        12.48864506900396,
        12.529268168659048,
        13.855967046625784,
        15.491388218319416,
        11.574274159650846,
        10.799715713630954,
        17.175312393991124,
        8.999948680735395,
        11.355916750265608,
        13.674073468032082,
        9.430133942152489,
        13.963886735082465,
        8.943636534175436,
        7.471914748291061,
        16.76274458375196,
        9.267729438140824,
        10.246658026305479,
        12.40938496249275,
        8.35730839786091,
        13.30395623290397,
        12.287104389470464,
        23.25917686385015,
        11.134838962423217,
        10.998065239570845,
        15.065627920939171,
        18.110495029399683,
        11.44466307203874,
        10.908056644682121,
        10.770203406957549,
        10.907204744719575,
        9.32669927469709,
        16.124250748984192,
        9.57504248688906,
        8.880494107874247,
        8.773815281848517,
        14.899116297115683,
        10.295517165934172,
        10.147426534302271,
        11.999490129694319,
        11.999490129694319,
        12.123325413232195,
        8.996797794400399,
        9.898312058471637,
        15.874198903345627,
        11.999005069137556,
        10.093781630054364
    ]
}, {
    "sample_size": 1500,
    "dim": 2048,
    "delta": [
        0.08523759565789667,
        0.0739548467054505,
        0.07155802688535219,
        0.07730191754074979,
        0.0652441024002656,
        0.1158760168507203,
        0.08057660072335138,
        0.08617251887162194,
        0.07635486578544234,
        0.06724430726293466,
        0.07174603240836885,
        0.07230651178344559,
        0.07469012398854478,
        0.06330997348733367,
        0.07424318474781803,
        0.0756921085120642,
        0.07381253310155235,
        0.06498229898190869,
        0.06602296871771716,
        0.09034430618901405,
        0.06639584854004811,
        0.15362546718875786,
        0.08659950711699965,
        0.08667953881516567,
        0.09501057713435579,
        0.1695096783542793,
        0.07691977619661174,
        0.0635875187803455,
        0.07468254790301031,
        0.07585916794997329,
        0.07600799029632534,
        0.09726189504896518,
        0.07672329107192573,
        0.08260160213411559,
        0.07667097928320595,
        0.07797836391679343,
        0.06357246825537434,
        0.08699982892117004,
        0.08018672058022544,
        0.06833380626629657,
        0.07622914295954783,
        0.1161826975452976,
        0.07549924537130966,
        0.08621636028338042,
        0.11566565032717464,
        0.07363255318238346,
        0.08789323712818904,
        0.07450971148517878
    ],
    "diam": [
        13.783323289390765,
        12.687802930662274,
        14.831815702468926,
        12.041264000228672,
        14.422175484437192,
        11.70464401376501,
        19.519189290570047,
        12.844877165452433,
        9.797588508889945,
        12.4094279854863,
        12.48925049831376,
        15.523999764193151,
        12.64835134318201,
        13.341358052931534,
        11.532485555352661,
        10.148401129985984,
        14.071224032070644,
        15.329408745904264,
        12.287193568952421,
        15.491830684698812,
        11.789267181075578,
        8.71128275449668,
        9.741452713341799,
        7.198726166170576,
        9.375509515327668,
        10.245658503511835,
        10.534708831762288,
        11.40146255531873,
        9.64147081778947,
        13.228096692875203,
        14.28241463722455,
        9.586538650178,
        14.176739522303667,
        11.789732867615946,
        10.294600505038755,
        14.456554911397262,
        9.054844401427538,
        9.432596522472506,
        9.218621946958931,
        11.44266966295698,
        12.44925215348297,
        12.287863527832501,
        9.99930120850648,
        9.164612979992421,
        10.048446021521668,
        11.401470560815492,
        13.925301343827432,
        12.648247107075967
    ]
}, {
    "sample_size": 1500,
    "dim": 3072,
    "delta": [
        0.06471700532890004,
        0.13802744647028342,
        0.07889982593579908,
        0.07139935066564539,
        0.07326237796762566,
        0.0860605434065991,
        0.07360716632740476,
        0.054343898687051584,
        0.08265377455753066,
        0.07048288616147151,
        0.06515880129692336,
        0.08660821381050925,
        0.14376257577864576,
        0.09113724828333468,
        0.06515946263527767,
        0.06598997178501168,
        0.07762249088324046,
        0.07068679671357038,
        0.11828104608064532,
        0.0735048514720613,
        0.07798061410457387,
        0.06779450345772628,
        0.06389794239575818,
        0.07665713702079653,
        0.07935948792497115,
        0.07075668299667534,
        0.06447567827472424,
        0.07548399392167808,
        0.06611575939193233,
        0.06370395439153692,
        0.10808295720265991,
        0.06697344042376874,
        0.07425971902874036,
        0.06703372349371493,
        0.07507522842864035,
        0.07912560438908654,
        0.06863603369003764,
        0.07285734599025194,
        0.06596240772068744,
        0.07514717179322837,
        0.06468521455220162,
        0.0714133393422036,
        0.06824866837640721,
        0.07222908059295426,
        0.11061953851294042,
        0.07825018014118228,
        0.07179734340652182,
        0.07732795319928258
    ],
    "diam": [
        11.088692711970785,
        8.659643176448201,
        9.164333400989364,
        12.961308413998792,
        8.240337320199076,
        10.147954049090089,
        14.142019334020787,
        14.798370477244067,
        9.949529832042204,
        10.861619339302155,
        11.401532893213876,
        8.659246372206733,
        10.099092474840427,
        15.588237096884722,
        13.783187271248071,
        12.961355897183743,
        9.998707342481447,
        12.16485891311544,
        7.804148575175004,
        19.823905765084834,
        10.535556076505552,
        15.132253102887958,
        21.424192102736157,
        19.23531420740779,
        9.695188330967746,
        13.747592438435715,
        17.26251928486361,
        14.106554207176977,
        14.456300708101086,
        13.30404468952235,
        7.481588760656179,
        12.569640322723414,
        15.905910827011953,
        18.54720813780821,
        11.22478427931096,
        9.16494232940053,
        11.661554148828698,
        8.424198969183085,
        11.224879453534292,
        14.177239689127706,
        10.294549930758029,
        14.899500930968184,
        12.999699121829554,
        11.747227321846886,
        10.047868711965945,
        10.43877113245153,
        7.99544334954731,
        11.661294773320916
    ]
}, {
    "sample_size": 1500,
    "dim": 4096,
    "delta": [
        0.06846218974322507,
        0.089487275106674,
        0.07888844744587364,
        0.07671739681282279,
        0.06929837068378043,
        0.0699781463553874,
        0.07778302042095178,
        0.07174023304707532,
        0.07860879939364224,
        0.06683633044587435,
        0.10201483919323566,
        0.13347279874375878,
        0.11164980288444105,
        0.0666488024108321,
        0.07050322461415162,
        0.09486038800714001,
        0.09726049627859577,
        0.06886238749392122,
        0.07369633947921377,
        0.06973976619159653,
        0.07210403539400141,
        0.0910738842980884,
        0.06045118065309439,
        0.07461215542983698,
        0.08988055910889457,
        0.0739588395888716,
        0.06001943454173456,
        0.06498748944884669,
        0.07026536180001172,
        0.07604894672394574,
        0.07656168901541321,
        0.06861605702615059,
        0.0679545559005627,
        0.07202615658258842,
        0.07899969525116204,
        0.06718952228816011,
        0.07263000534799767,
        0.0735610961602642,
        0.0870103034546936,
        0.062166425049186166,
        0.07959883254466721,
        0.05397609872509915,
        0.08533885368388477,
        0.07700675680834818,
        0.07681539455234584,
        0.0650426012194047,
        0.06535870798186326,
        0.06846699756192401
    ],
    "diam": [
        14.662873184557474,
        9.845560590356754,
        11.575706711819677,
        12.569595958004273,
        10.81629334161928,
        9.590715539198355,
        12.648798485284448,
        14.730733548075778,
        11.4012496230603,
        10.722333326127687,
        8.306244740444308,
        9.486477883014656,
        7.13877933766901,
        14.966163897396044,
        10.954307921256984,
        12.9997034133998,
        9.217778437103654,
        14.999873542518989,
        12.165437461760993,
        12.246849946438761,
        10.954377146857077,
        10.582430157080077,
        10.049721671603901,
        14.317620110675916,
        10.629523304235605,
        10.29550805529371,
        13.378768122124646,
        14.071159498982356,
        13.892361745586786,
        9.796701503007695,
        14.17672244683904,
        15.165690834482273,
        19.416396099043023,
        15.936997689434651,
        13.783815681268713,
        10.343866285094599,
        10.049279336550674,
        12.246918374325816,
        10.76944505617981,
        12.727543540141967,
        9.848649512087784,
        26.81416323150937,
        9.514428467410264,
        16.46207054107308,
        13.67472079937213,
        18.681536805059253,
        15.652163497168646,
        12.08291374346841
    ]
}]