[{
    "sample_size": 500,
    "dim": 32,
    "delta": [
        0.3351919932086009,
        0.3160782982979373,
        0.294286920749681,
        0.3464278830719756,
        0.33220547749352053,
        0.31773219352709076,
        0.2778413278102541,
        0.31367247566954215,
        0.29231868528973437,
        0.30426632530079983,
        0.32111605318475006,
        0.2937346506773135,
        0.3217893336719278,
        0.3386837707536608,
        0.2653881053296607,
        0.3236681872611738,
        0.33235812595191644,
        0.2928429323610133,
        0.30319690871701643,
        0.37123402550746576,
        0.27737402529773075,
        0.32848595980005557,
        0.3201768142691525,
        0.33082956503101,
        0.33096921107467764,
        0.29696048845933726,
        0.29334868255870755,
        0.28570881064178627,
        0.32197441791774567,
        0.3631553361262345,
        0.33063255809854847,
        0.33403755889970643,
        0.2916088446541261,
        0.2999924271750491,
        0.30782873472156264,
        0.3454239758636373,
        0.34966649429871466,
        0.28948765461429443,
        0.3018034457882307,
        0.2959096413435667,
        0.3078993389014503,
        0.28425008393900164,
        0.314198611376505,
        0.29232426884133933,
        0.30986800280741056,
        0.30382030592991055,
        0.31578894438878347,
        0.29194113977953245
    ],
    "diam": [
        38.70854041613705,
        42.56903564600629,
        48.0674469183127,
        39.0591153141931,
        43.99473610403517,
        43.78820697996605,
        48.066761180669005,
        44.00731663691424,
        42.26814836410245,
        45.04793582824463,
        42.893094748525115,
        42.56903564600629,
        42.42435709611044,
        47.728058294538556,
        48.06772310830676,
        48.0674469183127,
        45.04793582824463,
        42.89331114517319,
        48.06730499150197,
        38.70854041613705,
        50.72770541885575,
        39.261102102336686,
        48.066761180669005,
        44.961958442352994,
        45.04289159528428,
        47.728058294538556,
        45.0424486417368,
        50.723003323991726,
        38.7027324637179,
        37.051633774014164,
        40.410901233832135,
        44.00559394543626,
        50.72549573740251,
        48.067377912353265,
        43.78875905436667,
        42.4242311012633,
        43.78841505612196,
        50.724918392105415,
        47.72891370339753,
        48.06724216736255,
        44.96561947941381,
        47.727752020704706,
        42.56311799289296,
        45.04474054638693,
        48.064941012061475,
        50.72549573740251,
        42.89206410323665,
        44.005967935257466
    ]
}, {
    "sample_size": 500,
    "dim": 64,
    "delta": [
        0.27806908610565007,
        0.2928484985606371,
        0.30730228630669576,
        0.29167548623252804,
        0.30878136803524253,
        0.30251018136789243,
        0.2676280586635141,
        0.28269246732726433,
        0.30486885028758365,
        0.29593719461223733,
        0.28453111952002846,
        0.28178357129771736,
        0.28977187273359956,
        0.2803531296077428,
        0.3226155074484564,
        0.29190897564403456,
        0.2554495084532933,
        0.28471711815517614,
        0.27923684144802824,
        0.2941980106980686,
        0.2823844393472916,
        0.2920641134550403,
        0.28372538624486104,
        0.303550875939528,
        0.2741444273880273,
        0.2852077181037292,
        0.257744134012701,
        0.2752805604620019,
        0.3268956142284246,
        0.28312692533239836,
        0.24463906432516028,
        0.31719075476441794,
        0.29765786646731923,
        0.30100465029184276,
        0.3309628378371112,
        0.29488672485966433,
        0.2509702185714057,
        0.27117329587759653,
        0.3165832663457935,
        0.3069795535524929,
        0.2799542217841946,
        0.2814520609313008,
        0.31353521505136916,
        0.28938779354683386,
        0.2458533865718833,
        0.29603161663430116,
        0.2636212415274664,
        0.26992014903996714
    ],
    "diam": [
        42.40564695676454,
        49.06973326951545,
        43.90458677795022,
        43.908838964483124,
        47.1416237735282,
        44.8488254219497,
        47.14409120424044,
        45.40305435279248,
        43.90610143214292,
        41.26475082636644,
        40.942368321132996,
        47.13875166357737,
        49.070483138898915,
        43.38337109424012,
        43.38254705373925,
        43.38317070650358,
        42.40533734889982,
        49.24983266125938,
        42.32602446281872,
        43.90375781363152,
        44.86490248402222,
        49.25004224975929,
        49.25034284001497,
        43.90458677795022,
        47.147162755255785,
        53.72005992801605,
        53.72064420583052,
        47.14172718430167,
        42.75349210238385,
        43.75251301017574,
        45.404162737444906,
        43.71394056857572,
        42.40533734889982,
        43.903370741974946,
        44.57406040373082,
        45.405246817695215,
        53.719000045124645,
        49.06297952863097,
        43.90439005075189,
        46.176324200688484,
        49.24983266125938,
        45.40467637098578,
        49.07014477724214,
        42.75271792018515,
        49.06973326951545,
        42.3216426426983,
        53.72958041732388,
        53.72382394058548
    ]
}, {
    "sample_size": 500,
    "dim": 128,
    "delta": [
        0.2777707172622409,
        0.2568567981285713,
        0.2848526230562563,
        0.2607007737299277,
        0.23596303831715199,
        0.29128318813763526,
        0.23024009387719058,
        0.22553407297277092,
        0.217390152057211,
        0.28209826657192005,
        0.2321764703921694,
        0.2845621269187328,
        0.2436213351015948,
        0.25042464134492154,
        0.27355533835181833,
        0.2682060932540367,
        0.2648017588097166,
        0.2853068859173194,
        0.23363288183493786,
        0.26876583929963227,
        0.24551240844791047,
        0.2616354517105937,
        0.2570452261388355,
        0.23386374631516574,
        0.24699579018090606,
        0.24794137437709066,
        0.26154887572871943,
        0.22421587113513688,
        0.23352245725425563,
        0.25621174146864456,
        0.2624698314581922,
        0.23068336865169672,
        0.2629864167006211,
        0.29864641515380536,
        0.26519142468859014,
        0.2628569915732966,
        0.283513651193077,
        0.27858585562511023,
        0.27840477901148375,
        0.22265965419568634,
        0.255126299429861,
        0.26921540931029936,
        0.2751731087707002,
        0.25233842258562267,
        0.2677411847065042,
        0.23137592833462584,
        0.28189533034876574,
        0.23298208063694015
    ],
    "diam": [
        44.66053018801298,
        51.16236558338394,
        47.48395450280893,
        51.164026731498346,
        56.898923487148714,
        41.84732365009852,
        47.479582546251336,
        56.90245382487509,
        56.920315110764754,
        50.392819616766936,
        51.15091108293397,
        48.38776200104886,
        48.94812160744886,
        48.38577561906048,
        46.94738169680548,
        50.67059889530463,
        46.012905806029046,
        46.94750939109654,
        43.68161799375723,
        45.6553389988693,
        50.668882756093865,
        50.673824725111665,
        46.86563852401585,
        56.902472504513526,
        45.929898754026915,
        50.67059889530463,
        50.673824725111665,
        46.165572837142086,
        47.48096868271592,
        42.822684624025854,
        45.929574612580396,
        56.900751069722894,
        48.941660448992806,
        46.305276421431756,
        46.30537175006878,
        50.39200763411002,
        46.945606795963265,
        50.39347530974597,
        46.305808146819295,
        56.89979165847531,
        56.899242159993044,
        48.940569713493595,
        50.390752932907375,
        47.478609975511034,
        47.4848264244307,
        51.164026731498346,
        46.16061001624959,
        46.87308151953594
    ]
}, {
    "sample_size": 500,
    "dim": 256,
    "delta": [
        0.21103272185277658,
        0.22877533689312807,
        0.26752442442364216,
        0.23802430953992088,
        0.24255306757814077,
        0.2219635865275165,
        0.19482760317115894,
        0.248284463085098,
        0.22551828377065208,
        0.23282234657567463,
        0.20249705779342556,
        0.2373443105675926,
        0.24943988620845223,
        0.2179481772890607,
        0.25323500611207905,
        0.22619527336747286,
        0.23680756056527835,
        0.19795937736461636,
        0.20456279180464126,
        0.25924512103854797,
        0.2427877612859777,
        0.2512932474243131,
        0.19991901943253965,
        0.25373046198475385,
        0.2771891390724233,
        0.2367946156707245,
        0.2426009412687181,
        0.2379665163060806,
        0.18383901415076975,
        0.21091876848073343,
        0.25166825397181664,
        0.2280202834477531,
        0.24357231824587422,
        0.2452922524543164,
        0.21123183142587176,
        0.2485114075730999,
        0.25437798483205015,
        0.23509280671054106,
        0.24880478590541114,
        0.24052597588337224,
        0.25660503869631607,
        0.21604193479469977,
        0.22678047038891766,
        0.22132332990772305,
        0.25720621801199733,
        0.25003421724820185,
        0.22841156121446107,
        0.2625460720899038
    ],
    "diam": [
        48.20099765611154,
        57.61676176634924,
        49.435447051278764,
        52.78694373203193,
        52.78694373203193,
        48.30680170957547,
        57.61567998381691,
        52.77552395208886,
        45.13973447068086,
        49.36268927228486,
        52.555648865410014,
        48.305275390964916,
        52.555648865410014,
        50.09991365880577,
        49.4333469764426,
        52.78264198953068,
        52.78694373203193,
        48.19876585930561,
        52.547964867345144,
        52.75742537388286,
        48.308011063247314,
        44.46283735947334,
        57.61837368010075,
        48.682939172619676,
        52.75325725035621,
        49.32728671136556,
        52.77710774450038,
        45.62507556860369,
        57.62068016246556,
        52.555648865410014,
        48.569676175307414,
        57.61707388791765,
        50.105291434219176,
        52.7717789609664,
        52.555648865410014,
        49.271894166520255,
        44.36835975089308,
        48.569676175307414,
        50.098270266580805,
        52.75212932047273,
        50.105291434219176,
        52.55132758755297,
        50.22305403337811,
        52.555648865410014,
        52.75742537388286,
        48.67223687394467,
        50.10758151715377,
        47.72594167744439
    ]
}, {
    "sample_size": 500,
    "dim": 512,
    "delta": [
        0.20490025974115134,
        0.23555396476620566,
        0.2217608369943277,
        0.19508734928428773,
        0.2220247087039862,
        0.2317206303482737,
        0.2454021315568836,
        0.2065343280692548,
        0.22925328931303435,
        0.19937552083762036,
        0.1985533839528392,
        0.2044068454932228,
        0.2186737751633532,
        0.23491223694801258,
        0.22976304907501202,
        0.22847458702881793,
        0.23892722311431602,
        0.228150657044185,
        0.2293564985760105,
        0.18390240487082518,
        0.23522900700655125,
        0.22004050239708103,
        0.22479887267352905,
        0.22095056485188064,
        0.19657858538829992,
        0.2408076963494836,
        0.21710662383378118,
        0.2323178190792983,
        0.23342509765341798,
        0.22319772135170768,
        0.21212108612194674,
        0.22166724732251677,
        0.2069568599754266,
        0.23020043653560907,
        0.21908962001071422,
        0.21434215490788897,
        0.25168819425603983,
        0.18987577091777164,
        0.19770010640332955,
        0.26244399008362357,
        0.23181866874036336,
        0.23647249160383893,
        0.21357338061196107,
        0.22809829038713203,
        0.22302716184595528,
        0.2023836605292255,
        0.23699013238159042,
        0.22616413536502805
    ],
    "diam": [
        50.70665928677871,
        53.70925272760964,
        57.85925769112625,
        52.95056507443254,
        53.711714902615654,
        49.844093924702705,
        53.70783134470659,
        50.604625755111044,
        53.71673984957577,
        48.37398275159656,
        52.954884358838726,
        50.70363606532046,
        48.39864982239532,
        57.86713113370399,
        53.71013161968487,
        48.67665008212677,
        53.71056658143619,
        49.317749622246986,
        53.7165116935462,
        53.70604500635249,
        53.71327653901173,
        57.86196237623448,
        46.580105081057965,
        53.711714902615654,
        50.60290707429951,
        50.33377505014498,
        48.37052776478686,
        50.60271585305588,
        49.54920098432284,
        57.893434687287915,
        50.849011234306225,
        50.856886638998965,
        50.598261320236,
        50.848019587675765,
        57.85925769112625,
        50.53548350301854,
        50.60351405175069,
        57.858201277539386,
        49.84986616843392,
        53.711661558130494,
        49.911886257518425,
        53.70783134470659,
        57.86196237623448,
        50.701387925961555,
        49.91610220534113,
        57.85925769112625,
        53.71276345120193,
        50.6038713597174
    ]
}, {
    "sample_size": 500,
    "dim": 768,
    "delta": [
        0.2081387850836221,
        0.20045150831754385,
        0.20117374528470358,
        0.19603908847051396,
        0.2169253265574982,
        0.21365777211967277,
        0.21326595403983573,
        0.2368449265585884,
        0.21385553494951623,
        0.22043518008521104,
        0.16895189771177788,
        0.19823039227607525,
        0.234921130151715,
        0.19006638623374408,
        0.2369312618563371,
        0.2233293306451636,
        0.2260726786188482,
        0.2097850721499188,
        0.19363392833421028,
        0.20803982244204705,
        0.22116020495800487,
        0.20602651684073645,
        0.21914160805894167,
        0.2023706937832093,
        0.22097740759671616,
        0.24065071893193354,
        0.23576076316428904,
        0.21326407653016544,
        0.25035015418755174,
        0.23734071383290553,
        0.22044991466961408,
        0.22576518824901762,
        0.22653755582941534,
        0.21019929852476177,
        0.21229206747522908,
        0.19385002574143897,
        0.20031258845666097,
        0.2217039492313561,
        0.18244332823525,
        0.2225704289232099,
        0.1793039397060297,
        0.23392235027478459,
        0.22437046169582553,
        0.21011960787390305,
        0.22649159386581685,
        0.2086996052522549,
        0.22314619858785253,
        0.24000682172892734
    ],
    "diam": [
        53.87073840971971,
        53.84113689042437,
        50.505275601613256,
        46.00043802531869,
        49.99540876190291,
        48.97775562594197,
        48.76019132673783,
        53.84113689042437,
        53.02127226096378,
        53.84113689042437,
        57.96261828161776,
        50.831025982217824,
        53.86731011222246,
        49.71437486543268,
        53.84113689042437,
        50.8330120424841,
        57.921337163362416,
        53.87073840971971,
        50.962471735480186,
        53.86796502595341,
        51.774923095016725,
        48.418905172521775,
        57.92264700595072,
        53.86489865273652,
        50.10405883418645,
        53.84061156822851,
        53.84487834336787,
        50.43218398791771,
        50.10925460062829,
        50.99402220491445,
        51.14126754846281,
        46.11747421431169,
        50.18535373014057,
        50.10925460062829,
        50.61176113629146,
        53.84140753390161,
        49.43285875824272,
        51.30201751682402,
        48.01181793433308,
        47.988975455874275,
        49.71437486543268,
        50.99674982269742,
        50.82883364713259,
        50.3041235404062,
        51.10835212043281,
        50.03712891158333,
        53.865446690835064,
        50.99402220491445
    ]
}, {
    "sample_size": 500,
    "dim": 1024,
    "delta": [
        0.1807801034299099,
        0.2089260416082534,
        0.2220278560513802,
        0.2137508753248237,
        0.22706603818499302,
        0.18649752126575203,
        0.19887644504033564,
        0.2440497420211009,
        0.22387633523375802,
        0.23100655545592927,
        0.21672258507655168,
        0.22485865881184106,
        0.22234746471058595,
        0.18889539645547834,
        0.1990040323377927,
        0.17379560733045704,
        0.2283983191659117,
        0.20106013796155775,
        0.22858339671047856,
        0.21516544731956955,
        0.22778024391251345,
        0.22846412885522766,
        0.210905958880079,
        0.21205852361122235,
        0.21430990687095927,
        0.21490589351469008,
        0.20304919521518386,
        0.22872450004985379,
        0.2064848627220621,
        0.23497082214058346,
        0.20488935401107325,
        0.21244819544287763,
        0.20466559700959208,
        0.19227561549174374,
        0.18835292821120955,
        0.2180329284698839,
        0.20907144431483554,
        0.2087051595756737,
        0.18196998561394487,
        0.17418162542747836,
        0.1972834430354298,
        0.22250773314376635,
        0.19288347056202904,
        0.22384655903870865,
        0.20977200956895942,
        0.1675996451332871,
        0.22875234059721983,
        0.21908224323116582
    ],
    "diam": [
        50.258454174868504,
        51.07938423315616,
        51.06050234850243,
        50.069666240835915,
        53.05349541910887,
        53.05349541910887,
        51.04390516852895,
        50.825273955724356,
        53.91282339999637,
        49.99178687326855,
        49.99007166379393,
        57.950797737653716,
        51.61891650202529,
        51.04464186469613,
        49.664858405785814,
        44.58816441349789,
        53.88859423097932,
        57.96262594852757,
        50.0690894486757,
        50.33555010870456,
        51.76398969455992,
        50.08182156725428,
        51.029217514165616,
        57.947259293121746,
        53.05237695132635,
        51.161119243112,
        53.99341312729564,
        51.04464186469613,
        51.80660254586736,
        51.06061189673277,
        57.95376742442225,
        48.23677573235158,
        49.0217913153321,
        53.90001903622173,
        57.95219411722563,
        49.33926384770336,
        53.445075945337,
        57.950797737653716,
        51.04390516852895,
        49.55228405572339,
        49.18917016355354,
        50.21208426108485,
        49.49871235303622,
        53.89100064034689,
        57.95081281231899,
        53.052729699119205,
        50.54972159516883,
        49.78198983455132
    ]
}, {
    "sample_size": 500,
    "dim": 1536,
    "delta": [
        0.2277695221661224,
        0.21906124912025457,
        0.22045854134726736,
        0.21381415107591517,
        0.1849340785907088,
        0.23415921118211966,
        0.22102798757251046,
        0.2254497303569602,
        0.2413988461878956,
        0.22596295877372374,
        0.1841016928868506,
        0.2053532940467335,
        0.20083934307274087,
        0.17669608675174264,
        0.2343733261596571,
        0.19696062139386397,
        0.19377052916030127,
        0.16454588484934188,
        0.2076277673750777,
        0.2167800801633452,
        0.22009801932557635,
        0.22450279175117882,
        0.20219463421627573,
        0.18299974255711304,
        0.24703942804177798,
        0.15751315808226998,
        0.2095207228877742,
        0.18791885254014704,
        0.22066932170980805,
        0.22728219239208358,
        0.1945378206987774,
        0.20907092275113387,
        0.20161622451335884,
        0.21252784625784218,
        0.20735910885840322,
        0.2209823141269772,
        0.18105742647230832,
        0.2086539399463233,
        0.1793993122096778,
        0.1831217130329605,
        0.22748485624922443,
        0.18118062238740318,
        0.21030161496698838,
        0.22805840890920895,
        0.24940028918621798,
        0.2336511835315773,
        0.21614896120346472,
        0.18465545173008896
    ],
    "diam": [
        51.48140090826287,
        53.98869846386968,
        51.51343429194852,
        57.96960333716343,
        51.98622131861995,
        54.05673661968067,
        48.91252334831326,
        50.228056702439225,
        54.25590855237295,
        53.528674056977096,
        58.024429010183745,
        53.528674056977096,
        53.19665501392593,
        58.02680102692211,
        57.96977349731506,
        51.70531095866913,
        54.173742184191404,
        45.090948457423615,
        51.01339541570001,
        54.0537093988103,
        53.91058803606008,
        58.024429010183745,
        51.13357202195791,
        50.37752443611342,
        57.987825166476945,
        46.8647496075719,
        57.98127133856873,
        48.97042246037243,
        54.173742184191404,
        51.13357202195791,
        50.19385332267587,
        58.00877244084448,
        50.26612935706682,
        54.25590855237295,
        50.92911885725506,
        54.0537093988103,
        54.06141498569287,
        47.326082029027596,
        51.051088710094746,
        53.4913778951029,
        54.0387769779492,
        49.67141299599732,
        50.279076849115306,
        49.369670134335,
        50.573914617942194,
        54.0537093988103,
        50.073614027771775,
        48.53022458829158
    ]
}, {
    "sample_size": 500,
    "dim": 2048,
    "delta": [
        0.21787669699296555,
        0.2079333028761022,
        0.2089026446149671,
        0.2083181205346695,
        0.19521069632170512,
        0.19999384000621306,
        0.2107719929882216,
        0.20393370755051654,
        0.22111154589311666,
        0.20182705234104792,
        0.21613995026497923,
        0.2181735157117418,
        0.22825498502908992,
        0.19338657923109392,
        0.20553248670486948,
        0.21436932806775458,
        0.1929612890863129,
        0.17557570499079772,
        0.22194147690881885,
        0.227137707354506,
        0.24768195053577566,
        0.20899449037147041,
        0.22897004541069468,
        0.18336119412931834,
        0.21359887206479838,
        0.217342017059206,
        0.20370487804981288,
        0.2113442508222665,
        0.17944329273729254,
        0.2256776177042187,
        0.18925300897295347,
        0.194834173576158,
        0.22091974809429107,
        0.20234998602178375,
        0.22051271190619345,
        0.2330032931435025,
        0.2442764729750866,
        0.23778023646524762,
        0.2122931059785287,
        0.2160751483525175,
        0.2364059084008706,
        0.21493533270642592,
        0.21516911588266843,
        0.17826754488769794,
        0.20516164545519433,
        0.20531677876413215,
        0.1872754192485762,
        0.20183122773439252
    ],
    "diam": [
        53.32374313369536,
        53.24850020691974,
        48.865109384319105,
        53.281086981284105,
        49.37379767454455,
        49.152582618244494,
        50.6140866418876,
        54.00568149472023,
        58.00778937251969,
        53.2445665523209,
        51.25906194805955,
        50.544304104898515,
        51.55059217358508,
        48.90598406959829,
        50.644075147211744,
        50.663340917597345,
        54.06580336488506,
        51.77559321606398,
        51.98743665425794,
        51.437943384188436,
        51.437943384188436,
        51.10725745251286,
        51.11275829112372,
        47.85135409564233,
        58.044668338492194,
        58.0441694654395,
        51.71786200998993,
        50.6140866418876,
        51.349426361622776,
        54.152514442610325,
        54.17912407667478,
        51.112113590682426,
        54.2405206673063,
        54.08385788762416,
        48.266769180648815,
        54.17912407667478,
        54.021540650672094,
        54.04609701774824,
        49.84766311623704,
        54.152514442610325,
        51.186534793756294,
        51.437943384188436,
        58.01132786360258,
        58.03783114527006,
        51.77559321606398,
        53.32168635305432,
        51.65110447658551,
        51.29133108056285
    ]
}, {
    "sample_size": 500,
    "dim": 3072,
    "delta": [
        0.2473724116522133,
        0.21637991851553642,
        0.23069049080848641,
        0.22893071917451963,
        0.22879297046129443,
        0.2333969039185245,
        0.2202173782598286,
        0.1983427140380981,
        0.22960364277900153,
        0.2135482703672546,
        0.2059611259713248,
        0.20190940997780782,
        0.24304487997181393,
        0.2314578843754111,
        0.22170526847961766,
        0.21961991415070692,
        0.21222325059560052,
        0.1958327143700214,
        0.22582581981181427,
        0.20903522022294074,
        0.18267522891945945,
        0.17141056427574553,
        0.2065383671324361,
        0.1745645476610557,
        0.1993758697837393,
        0.21213826796758922,
        0.18609880927920108,
        0.20960684031476665,
        0.21737301202862389,
        0.19810126570259173,
        0.22151895028357088,
        0.20434153545466333,
        0.19998366481109964,
        0.21256866208401579,
        0.22300767607424585,
        0.2450168544222376,
        0.20724298940845393,
        0.21800295054903326,
        0.23652543362949596,
        0.22793822806221176,
        0.1860919236144429,
        0.17661538532731097,
        0.20124963811493954,
        0.19940220650663754,
        0.19616714990217818,
        0.18198282414010633,
        0.21332566168593464,
        0.20938117954650284
    ],
    "diam": [
        58.12894813873272,
        50.764141773736625,
        58.11174726086477,
        51.312653218097324,
        54.08324499258301,
        50.764146020231124,
        50.6753907446611,
        49.76944662875865,
        51.127267432571934,
        51.40035042894263,
        51.65267615654046,
        58.04296860961105,
        54.249373269029086,
        50.14971889357027,
        51.55576863635128,
        51.44897540955674,
        58.12894813873272,
        58.059273255327035,
        58.11166442122338,
        51.30285336174123,
        49.41658298052975,
        53.54435877840489,
        51.8748294729914,
        51.44895393097445,
        51.47811960293497,
        45.24376112594771,
        50.527195580445934,
        54.06461797733512,
        54.09236566472063,
        51.99036695200357,
        50.62606545723551,
        50.616192411383416,
        50.616192411383416,
        49.97994723559301,
        54.230954592614744,
        50.6753907446611,
        51.40035042894263,
        49.759409968816165,
        51.30295529644943,
        54.07399681293369,
        49.789526062427214,
        50.40830666515968,
        48.89783083947617,
        58.11174726086477,
        58.09452578230665,
        54.09243801591528,
        51.27369408045476,
        51.40033227116395
    ]
}, {
    "sample_size": 500,
    "dim": 3688,
    "delta": [
        0.18853184240509788,
        0.2284052716387254,
        0.16321208302963902,
        0.2144478545344828,
        0.22510947738711562,
        0.2301866468942716,
        0.20675235952561508,
        0.21356923386454688,
        0.18948194714642227,
        0.21416456231485093,
        0.2227103025552968,
        0.222154284595001,
        0.18422039147256636,
        0.21138932124570886,
        0.2029387329881627,
        0.20780101722197128,
        0.19491334675474084,
        0.2216913823719504,
        0.20776486171315953,
        0.2232628161610651,
        0.20619858426502494,
        0.2300486914840339,
        0.1911429933139058,
        0.2239547431682777,
        0.21799446414217544,
        0.1746183880604066,
        0.20759654892755952,
        0.2443181975661301,
        0.1717946989173834,
        0.2101816939858735,
        0.2032255058785394,
        0.17617942894217672,
        0.2231607018339732,
        0.2162997854220246,
        0.21962661245606532,
        0.2043116872880869,
        0.2066659247016357,
        0.2066088647900912,
        0.21620084724792338,
        0.22945416149159084,
        0.20856675741529515,
        0.22242701929051306,
        0.22167871240978573,
        0.21990590492881698,
        0.17893810946130906,
        0.22376383763813754,
        0.22720718613013455,
        0.23729762155121786
    ],
    "diam": [
        50.764160585988165,
        50.626080235388464,
        53.34791467339643,
        51.410115736107734,
        51.146847410177664,
        51.23475382979789,
        51.478150704934954,
        54.230987451825,
        51.166395221864214,
        51.74939613174235,
        58.111960903070724,
        51.8748493973718,
        50.338851794612815,
        49.94997497496885,
        58.03447251418769,
        49.355850717012174,
        50.46781152378208,
        51.865209919559824,
        50.35871324805667,
        54.0925133451941,
        54.18486873657627,
        51.146847410177664,
        51.35172830587098,
        51.29327441292851,
        51.12729212465685,
        50.645829048402376,
        51.865209919559824,
        50.22947341949733,
        53.29165037789697,
        51.3030213535226,
        54.046276467486585,
        50.43808085167411,
        50.62608023538865,
        50.338851794612815,
        51.99038372622374,
        58.077534382926416,
        58.10335618533577,
        53.329166503893575,
        58.13776741499437,
        50.40833264451436,
        49.18333050943163,
        53.42284155677239,
        53.31978994707302,
        50.10987926547021,
        51.652686280579964,
        54.08326913195978,
        50.64582904840248,
        51.8748493973718
    ]
}, {
    "sample_size": 1000,
    "dim": 32,
    "delta": [
        0.32814284356896944,
        0.34216517070830094,
        0.28879043957730804,
        0.311755942964294,
        0.30557283319351536,
        0.3474346234294421,
        0.34043656882034384,
        0.3254878768614803,
        0.3348437091733437,
        0.31902486252387874,
        0.31775448372031045,
        0.31822645069429106,
        0.26499749739803635,
        0.29864549007696517,
        0.3286307181940157,
        0.3161790576320555,
        0.29364922703144425,
        0.32537583749050203,
        0.3117666420150625,
        0.34233327788185036,
        0.34051471451119913,
        0.31656989578346345,
        0.3130305923234626,
        0.2920524099530733,
        0.3267176965678892,
        0.30990874440127136,
        0.3318974205969136,
        0.3299342138550359,
        0.334127582658537,
        0.2964096634613274,
        0.3424905950273257,
        0.3194621407608448,
        0.3380141317032574,
        0.36768119200129934,
        0.3201319057561113,
        0.33379275796820357,
        0.3247243551534021,
        0.3049833795903471,
        0.3250590173505158,
        0.3168866928914329,
        0.33753576506998206,
        0.30295781787279535,
        0.30049088073303176,
        0.31280443800108393,
        0.34051034965660404,
        0.3196595833429679,
        0.30877267347349663,
        0.3098617106424265
    ],
    "diam": [
        47.73224296333577,
        44.96412976392839,
        50.72770541885575,
        48.0674469183127,
        50.7252422066474,
        47.73224296333577,
        42.89331114517319,
        44.00715526158849,
        47.72882966034134,
        50.725583903758356,
        48.0655548843598,
        50.72476500480924,
        50.72476500480924,
        50.72498931261181,
        47.73224296333577,
        43.99863937750249,
        44.96444952470402,
        44.96412976392839,
        43.789329263351696,
        47.72824639227012,
        48.06772310830676,
        43.99456241811138,
        48.066761180669005,
        50.72770541885575,
        45.04474054638693,
        48.06569786291355,
        45.0424486417368,
        47.72882966034134,
        50.72770541885575,
        48.06772310830676,
        42.26765295986342,
        50.725583903758356,
        45.04443326453046,
        44.00603177243037,
        50.72407038165906,
        43.789329263351696,
        47.72891370339753,
        48.0674469183127,
        48.0674469183127,
        47.72882966034134,
        42.42571840071231,
        48.06698014477524,
        50.72770541885575,
        48.067377912353265,
        48.06772310830676,
        50.72598954275313,
        50.725583903758356,
        48.067377912353265
    ]
}, {
    "sample_size": 1000,
    "dim": 64,
    "delta": [
        0.32747762334171515,
        0.3029570747671379,
        0.3102595991333229,
        0.2746274005717804,
        0.3040818744268342,
        0.3190666019663452,
        0.30696255891591767,
        0.31476549250756264,
        0.29932847141312574,
        0.27653037742489506,
        0.3037528014523758,
        0.31580574454576193,
        0.30857659615918026,
        0.28069528383246106,
        0.31116227363984017,
        0.2747232380416079,
        0.33299911192898324,
        0.27303942701977507,
        0.29261231742339977,
        0.31023711277786936,
        0.27248761195153265,
        0.2760522149317176,
        0.3272386422844286,
        0.3188008579855865,
        0.30909204060496803,
        0.29252171390029946,
        0.27434991298644135,
        0.25429291872647886,
        0.2875790884576669,
        0.3221539609194956,
        0.27521102531386626,
        0.30745311690672916,
        0.27692976534166325,
        0.2760804094315324,
        0.30662944196443903,
        0.2911944352455561,
        0.2750786665388109,
        0.31517853855232336,
        0.3227205299091977,
        0.28571144342295846,
        0.3037321794078225,
        0.3013179058081111,
        0.30227275973599854,
        0.30378656487050804,
        0.2824554790993429,
        0.2902661476873476,
        0.293730548902142,
        0.325899969289206
    ],
    "diam": [
        43.713137935385,
        46.179208960746934,
        49.07006009846939,
        53.72958041732388,
        44.86628186312072,
        47.13875166357737,
        44.86669956993462,
        44.86669956993462,
        49.070483138898915,
        49.253538982813154,
        49.07078627043713,
        44.57567847965067,
        44.863466417152246,
        49.06956284047968,
        46.179208960746934,
        53.72382394058548,
        43.38468537060328,
        53.72066058274354,
        53.72958041732388,
        45.405246817695215,
        53.722813449306024,
        53.7203023646559,
        46.179208960746934,
        49.252539895230356,
        45.404370571037774,
        49.07006009846939,
        45.404162737444906,
        53.72382394058548,
        53.72437460661314,
        44.865255084975566,
        47.14172718430167,
        46.179208960746934,
        53.72391718347762,
        53.72391718347762,
        49.253538982813154,
        46.179208960746934,
        53.72958041732388,
        45.40150855717827,
        45.40341924084303,
        46.178652872427875,
        49.06869484506437,
        53.72391718347762,
        46.179208960746934,
        47.147162755255785,
        49.070483138898915,
        49.06973326951545,
        47.147162755255785,
        42.75318581191846
    ]
}, {
    "sample_size": 1000,
    "dim": 128,
    "delta": [
        0.26143939280773704,
        0.2680799969481748,
        0.25136332376734294,
        0.23438319980261754,
        0.233560489570111,
        0.25997122857520905,
        0.2813063662890683,
        0.27136381553394745,
        0.2697951357012891,
        0.27674596374984894,
        0.23473101769283905,
        0.26411211354176356,
        0.27596138550425986,
        0.2486481194292594,
        0.267486253221559,
        0.22691016119329813,
        0.27795534084650503,
        0.2477383957749134,
        0.2825810028128753,
        0.24543337781953933,
        0.2853381525870351,
        0.24676163282771102,
        0.27743303988055357,
        0.30215417521893223,
        0.2729295221235115,
        0.28087328814334767,
        0.28614563923876823,
        0.2447390153937549,
        0.27105580154504705,
        0.26754256664800086,
        0.2502487527778094,
        0.25245873693625337,
        0.27680271659378514,
        0.2642158563130912,
        0.25051485155346137,
        0.26090750999636253,
        0.2595570648484758,
        0.2830964500336958,
        0.2600803444298992,
        0.2595685566877861,
        0.26105449748347265,
        0.2761294493410964,
        0.2736778247562031,
        0.29050742496028253,
        0.27198005300256156,
        0.25457312769538143,
        0.26933992226306946,
        0.26193509498838685
    ],
    "diam": [
        51.15270023526628,
        48.95097587089047,
        47.4848264244307,
        56.903115734741625,
        56.920315110764754,
        50.3968530141422,
        48.947979490704476,
        46.08663271925974,
        48.38169273568832,
        50.67059889530463,
        48.38741213370082,
        51.16236558338394,
        51.15270023526628,
        46.945606795963265,
        51.164026731498346,
        56.903115734741625,
        50.673824725111665,
        51.16236558338394,
        48.38577561906048,
        56.903115734741625,
        50.39200763411002,
        56.903416524829915,
        50.395652942328745,
        48.38362739137287,
        50.673824725111665,
        50.67059889530463,
        50.395652942328745,
        56.90245382487509,
        47.71284116867054,
        51.15641982051991,
        56.920315110764754,
        50.67043706925179,
        51.16236558338394,
        56.920315110764754,
        56.903115734741625,
        51.16236558338394,
        47.715624257628406,
        46.30558430513101,
        56.903416524829915,
        51.164026731498346,
        50.66745712385717,
        48.94478177392768,
        47.715624257628406,
        46.944183267782854,
        50.66928186581526,
        50.392819616766936,
        48.95172133755526,
        50.666593373617104
    ]
}, {
    "sample_size": 1000,
    "dim": 256,
    "delta": [
        0.23915251040542085,
        0.2492625683128887,
        0.2193423622176274,
        0.2391996835064358,
        0.2628816540517984,
        0.19499677095412524,
        0.2335174695610775,
        0.255852623820459,
        0.2473982245610187,
        0.20374544366945885,
        0.2381418622930171,
        0.2126823216485422,
        0.25917845823025804,
        0.2564325877399693,
        0.24992548826306196,
        0.2513437395335747,
        0.2643350092574939,
        0.252983351657447,
        0.23276174807138036,
        0.25212179731245177,
        0.2451855745392373,
        0.23333906991728093,
        0.23264139476274556,
        0.23555073439293933,
        0.2408169688786408,
        0.21088357819292639,
        0.26005447469372406,
        0.22843973901380238,
        0.2501188487839287,
        0.22268135251008622,
        0.24263465162102502,
        0.25465265311823876,
        0.2377635563125122,
        0.2267746454346112,
        0.2613412923004579,
        0.22924644734662628,
        0.20093389756790883,
        0.26116870647985607,
        0.24483770178095887,
        0.2530152075682093,
        0.21511243696051627,
        0.2936931131166227,
        0.22366889515200722,
        0.25544525124676587,
        0.23684929226025078,
        0.2205456418680947,
        0.21012721130991102,
        0.2690285037631622
    ],
    "diam": [
        57.62068016246556,
        52.55132758755297,
        52.75267563404807,
        52.79006003285847,
        52.75742537388286,
        57.6201578743381,
        57.61922084451933,
        52.78694373203193,
        52.79006003285847,
        57.64732966103669,
        57.6201578743381,
        52.79006003285847,
        48.6822771117595,
        52.75742537388286,
        50.10758151715377,
        50.224771132942884,
        50.10758151715377,
        50.22730695320064,
        47.251326276270426,
        49.370955299518414,
        48.6607874687286,
        57.64732966103669,
        49.32728671136556,
        57.618396144199444,
        57.64732966103669,
        50.2330532353165,
        49.44068069780571,
        57.620267942467805,
        52.759549551254345,
        57.62068016246556,
        57.64732966103669,
        52.75169018576671,
        57.64732966103669,
        52.77710774450038,
        52.75742537388286,
        52.55224070676057,
        52.78694373203193,
        49.276821913662225,
        48.28704976123717,
        52.78264198953068,
        50.2330532353165,
        50.10758151715377,
        57.62068016246556,
        52.774115841830266,
        57.64732966103669,
        52.77512535055183,
        57.64732966103669,
        52.77312438139777
    ]
}, {
    "sample_size": 1000,
    "dim": 512,
    "delta": [
        0.21844985041693424,
        0.21086739920366163,
        0.20349681402328376,
        0.23432524498633803,
        0.23518201644343528,
        0.23338838131211423,
        0.23553355956174557,
        0.22548443808512952,
        0.21734065392234583,
        0.22172796828840308,
        0.2202419764586776,
        0.23659578211250282,
        0.24052858640579924,
        0.24776244138504122,
        0.22089110356991556,
        0.21849389876712436,
        0.23287142866323238,
        0.23160143452817727,
        0.18717598283483597,
        0.18895697135305653,
        0.22378906770886803,
        0.25896796028555136,
        0.23581497883601257,
        0.2172323734966139,
        0.23928085426374218,
        0.23974652896955864,
        0.21843161010316084,
        0.22751453327152116,
        0.24063289177157005,
        0.23576674879689402,
        0.240642833283926,
        0.21025261952510682,
        0.242413309893922,
        0.22632127962316712,
        0.2357528732265895,
        0.255922987428948,
        0.2455045534153124,
        0.2533887484763244,
        0.18539083987981517,
        0.2450025846022431,
        0.21176279521775218,
        0.18722266165830595,
        0.25538995466534953,
        0.21404426180563937,
        0.2458586638632565,
        0.23105496066517026,
        0.2074421639642974,
        0.23102640953218118
    ],
    "diam": [
        52.951379203014056,
        57.893434687287915,
        51.00262170987186,
        53.71673984957577,
        53.71364530515911,
        57.893434687287915,
        49.780892525533226,
        51.442746915533704,
        52.95155018853554,
        50.815834616859306,
        53.71745186710704,
        52.95247976589938,
        51.442746915533704,
        53.71364530515911,
        57.85925769112625,
        57.893434687287915,
        49.78774592729372,
        57.858201277539386,
        57.85925769112625,
        57.85971825536401,
        53.711661558130494,
        53.71343364294304,
        53.70898839162638,
        53.71560355670611,
        52.954884358838726,
        52.954884358838726,
        50.70513733293516,
        50.257301543411494,
        53.71276345120193,
        53.7165116935462,
        53.71560355670611,
        48.58344740147052,
        57.86101615240165,
        57.86713113370399,
        50.26478406908093,
        53.71673984957577,
        51.442746915533704,
        49.47960055431026,
        52.95224453351727,
        50.53548350301854,
        57.85755050385464,
        57.893434687287915,
        53.71673984957577,
        50.257301543411494,
        51.265557809031186,
        57.86713113370399,
        50.945537319982485,
        57.86101615240165
    ]
}, {
    "sample_size": 1000,
    "dim": 768,
    "delta": [
        0.2256236654357519,
        0.20400413493137246,
        0.25841195786747956,
        0.2256514461729786,
        0.22957845404655625,
        0.2509032934075963,
        0.24663855056161163,
        0.22810735982082778,
        0.22546375173393385,
        0.21580938480642525,
        0.24604155449029103,
        0.2450890408241841,
        0.24472897114916187,
        0.22221451731987288,
        0.23787795884959062,
        0.23101179740506214,
        0.24118524827080584,
        0.2125669488391996,
        0.24384521203836457,
        0.24388039356300997,
        0.2066396327901498,
        0.19679741753614943,
        0.22755732190906786,
        0.24520195338360862,
        0.20757074471231082,
        0.2072863729137592,
        0.1949889843040221,
        0.2361356207057941,
        0.23281941722125649,
        0.21786108496543385,
        0.20549723137732132,
        0.20850099173345746,
        0.23036190198176207,
        0.20002407962063068,
        0.21744318871399762,
        0.23067083580359735,
        0.2258522553908751,
        0.2446670795726053,
        0.247883343462346,
        0.23098246428033958,
        0.2279996364320189,
        0.232091590195912,
        0.22757566593518522,
        0.23824793299303448,
        0.21879925808996112,
        0.23862711149325708,
        0.2288282961188982,
        0.21047969887481927
    ],
    "diam": [
        57.92264700595072,
        53.8704020454764,
        53.87073840971971,
        51.56903996698102,
        51.10835212043281,
        53.87248817167553,
        53.87073840971971,
        57.92672124218565,
        57.92672124218565,
        49.09272816431864,
        53.86881467281918,
        53.84487834336787,
        53.8704020454764,
        53.87073840971971,
        51.14126754846281,
        57.96261828161776,
        50.43218398791771,
        57.96261828161776,
        53.84487834336787,
        53.85174684977078,
        53.27347547599314,
        50.535819041947065,
        50.83076681579516,
        53.8704020454764,
        53.85174684977078,
        53.85174684977078,
        57.96261828161776,
        53.868440614496365,
        53.02182804585144,
        53.870005468400564,
        50.535819041947065,
        50.92566440646971,
        50.04433204605075,
        57.96261828161776,
        57.96261828161776,
        51.723098073114976,
        53.022668223451106,
        53.84486180968658,
        53.87073840971971,
        53.27347547599314,
        57.92672124218565,
        57.92164263230567,
        51.437697942070095,
        53.27347547599314,
        57.96261828161776,
        53.86928262198695,
        53.84487834336787,
        50.962471735480186
    ]
}, {
    "sample_size": 1000,
    "dim": 1024,
    "delta": [
        0.2486987211626952,
        0.2141765532368832,
        0.23547252988353762,
        0.1958855576082763,
        0.21668896935087414,
        0.21173929360606839,
        0.2055728811842542,
        0.23972938481146888,
        0.23213646229806548,
        0.24076870005410858,
        0.21752910624657879,
        0.23190731997173947,
        0.21106905685189692,
        0.2315705703949628,
        0.20009928022543397,
        0.2207996603851546,
        0.21850670621757454,
        0.20843838479852067,
        0.21294508166011464,
        0.24256096076103278,
        0.20369792563311603,
        0.24475290270898437,
        0.21615948660719464,
        0.2358383683832061,
        0.2327957887890155,
        0.19359855489998917,
        0.24034405669597705,
        0.20604111558697866,
        0.22882071701555648,
        0.21422285373318103,
        0.23512722144463363,
        0.24674416307332872,
        0.22628404035828048,
        0.24541113112009974,
        0.22906348212149774,
        0.21552796936439364,
        0.2009847704079811,
        0.22390310565928606,
        0.20719425278202552,
        0.23355042901669984,
        0.23218283949467317,
        0.22421317804475385,
        0.23251306539558853,
        0.23272066383802914,
        0.21398689010545555,
        0.24920239264731273,
        0.19873541734051772,
        0.23409291594585327
    ],
    "diam": [
        53.99846946489573,
        58.0005238799222,
        53.92174396218302,
        51.40562326142,
        57.95308624934998,
        57.95221869352696,
        53.92174396218302,
        53.92174396218302,
        51.76398969455992,
        53.99846946489573,
        58.0005238799222,
        51.679432042468044,
        57.96262594852757,
        51.76398969455992,
        53.445075945337,
        50.32081240910334,
        58.0005238799222,
        51.620358310832586,
        51.43853902191071,
        53.926626456288695,
        51.3065533747026,
        53.99341312729564,
        50.613971048101575,
        51.915957787005055,
        53.99846946489573,
        53.21007580136906,
        53.99341312729564,
        53.92174396218302,
        58.0005238799222,
        58.0005238799222,
        51.61891650202529,
        53.89100064034689,
        58.0005238799222,
        53.89301681862976,
        58.0005238799222,
        57.95219411722563,
        57.952278475804754,
        53.445075945337,
        51.679432042468044,
        53.445075945337,
        51.07938423315616,
        57.952278475804754,
        53.90001903622173,
        58.0005238799222,
        53.926626456288695,
        53.926626456288695,
        51.877557515001776,
        53.445075945337
    ]
}]