[{
    "sample_size": 1500,
    "dim": 32,
    "delta": [
        0.22439997261789907,
        0.25191615771896375,
        0.239734352627781,
        0.22603906053514145,
        0.20306987689326997,
        0.2697850310623586,
        0.14495580584052029,
        0.20038876020109983,
        0.13109036295221557,
        0.15191141779050055,
        0.22901724905788934,
        0.2341716066979143,
        0.06185322807296033,
        0.269168161711624,
        0.2696437779921017,
        0.224632284488934,
        0.2353419951516759,
        0.13745220515332016,
        0.22455265130961083,
        0.01397729779522811,
        0.1349027127473982,
        0.22472971080385865,
        0.18561938137370204,
        0.27555869258902455,
        0.2618913549259127,
        0.23688824969122155,
        0.1381046504685099,
        0.09918135579764352,
        0.32894403576783093,
        0.2867672576345174,
        0.28456790053557657,
        0.14002090152206978,
        0.2363964924491285,
        0.22601130179099346,
        0.04046942740371481,
        0.22935118864867157,
        0.05085458420020921,
        0.2676523230901705,
        0.2666136276249797,
        0.20156164310188332,
        0.245616387177146,
        0.23108649223654548,
        0.194061992078061,
        0.19151900553993045,
        0.21092067141006376,
        0.20391970271162885,
        0.23519560788426494,
        0.019787556417195123
    ],
    "diam": [
        12.453730167383386,
        10.904278996132282,
        9.033647016545236,
        13.917225046121528,
        11.717138984251886,
        7.842266947537314,
        17.826716321900264,
        11.40700492574299,
        19.14907525684463,
        21.33349826940561,
        13.025656851368058,
        13.040640324749562,
        43.44872917137945,
        12.148542256765596,
        11.241374619543341,
        15.310728883774129,
        9.094731906206851,
        20.794744320030862,
        8.215431320507001,
        162.09630169937407,
        19.55041815782572,
        8.901541090765841,
        20.43622321589198,
        7.058739229458875,
        9.583318726085526,
        9.252623323096739,
        21.35670204739468,
        40.15523755686199,
        10.410796984371128,
        10.18499939591786,
        10.940710576421234,
        23.2424401119512,
        9.02733192617113,
        13.288376351850307,
        57.799864560302936,
        14.565031578470089,
        42.562754058056626,
        12.153279989201986,
        8.698178609760955,
        13.001595156358606,
        8.559112703865424,
        19.37160856001026,
        16.176099818922083,
        16.38594546854675,
        11.035114943015897,
        11.738698584727603,
        8.829177827426507,
        162.4085382452724
    ]
}, {
    "sample_size": 1500,
    "dim": 64,
    "delta": [
        0.18490092449730566,
        0.13329235813054535,
        0.05529774609977803,
        0.1407404104473969,
        0.11023078194278729,
        0.19465401292364407,
        0.2059304075513447,
        0.1828928224142745,
        0.1448881403476354,
        0.14770613815566908,
        0.09142317553486248,
        0.1635169667677166,
        0.20018028819407369,
        0.1338474333361913,
        0.23899345119431398,
        0.16809419678915255,
        0.19820365450926689,
        0.25790692946045307,
        0.2233962475326609,
        0.19267277409315492,
        0.036642641236657655,
        0.1454643956687972,
        0.234311538518583,
        0.19882665255554952,
        0.14124973721888007,
        0.23044311295368217,
        0.14370735453612724,
        0.11545346749053977,
        0.06544039990440063,
        0.165420711553451,
        0.11435325040720816,
        0.09966308338488926,
        0.16388562392067144,
        0.14438752765091156,
        0.21845073037180368,
        0.20526700520592356,
        0.08377068979999859,
        0.162635677031783,
        0.15868002809660406,
        0.20801806932078257,
        0.20437725737194445,
        0.17205576932864863,
        0.10645831490898003,
        0.18684121959851402,
        0.10134591583025779,
        0.172720697822591,
        0.016746512737130917,
        0.22759149853939004
    ],
    "diam": [
        10.494112876375365,
        26.85667487184438,
        47.345994945237834,
        22.873904845075977,
        33.14212407516039,
        11.314968788770791,
        9.873230995758536,
        16.982486354498626,
        22.284782309464422,
        15.859813592093836,
        22.681644764323806,
        37.96444571324033,
        11.869914668125562,
        19.347318178187777,
        24.874309272698856,
        13.757110249356462,
        14.893409436065863,
        13.405047323185626,
        11.956778435112764,
        11.05974293519097,
        164.1039305011115,
        18.34153732054009,
        13.211261183632404,
        13.204046023221636,
        22.72106159734317,
        11.897084798747589,
        26.215207931047726,
        23.48947230544456,
        39.71806442174801,
        17.239060199445095,
        26.356531622509387,
        24.135394639722573,
        17.39704895645833,
        31.12252306119204,
        11.576817724540518,
        23.42811258805574,
        44.245844528635615,
        16.081937550211386,
        21.496341449389757,
        10.952205322722069,
        11.168380574551996,
        12.710158044065343,
        29.782629010852656,
        14.643991476796558,
        37.98023864879608,
        13.753399293632036,
        163.92346901084306,
        11.099501764539784
    ]
}, {
    "sample_size": 1500,
    "dim": 128,
    "delta": [
        0.10816083731773736,
        0.10033507650750888,
        0.12753797168426845,
        0.10147805291677231,
        0.1470072044247692,
        0.07104633991073857,
        0.08600096716051318,
        0.07059019271824812,
        0.11486577971225476,
        0.18772453032241196,
        0.16029456436645623,
        0.15258827287252455,
        0.09102080919604867,
        0.10384451880421339,
        0.06203731498025595,
        0.0893389120719066,
        0.08290245193225404,
        0.12503677491830908,
        0.1795503627538417,
        0.1551444934447209,
        0.08572167076180955,
        0.12383678760474416,
        0.21115253015226207,
        0.09118451805119793,
        0.20813475525954486,
        0.01853242352857855,
        0.16655041501449233,
        0.16593918037918484,
        0.11596965197165349,
        0.18253370604067626,
        0.08813126005509472,
        0.1343384251345426,
        0.11496894768775204,
        0.11609294336253158,
        0.10288707856857147,
        0.08323007076355257,
        0.18272323281148062,
        0.12910491089713755,
        0.10283927846776814,
        0.1297004073359465,
        0.0809357237149638,
        0.08873913127614283,
        0.21572488521505123,
        0.04344534973567173,
        0.13979154462718735,
        0.06775847924159185,
        0.17923084925632388,
        0.19104322983407082
    ],
    "diam": [
        20.94645431605613,
        26.09691300762259,
        19.158005477386595,
        26.2614510327965,
        22.51098759819233,
        45.29241264187728,
        25.379384867818555,
        50.30977851849239,
        35.37940676537095,
        15.534757656809905,
        16.586136034418306,
        16.260945325228384,
        27.53783878091785,
        20.670434183054184,
        43.681389749927796,
        28.889937314778336,
        34.05111782921417,
        18.165050112331105,
        35.49649617969372,
        21.28729661571918,
        32.87127956258715,
        19.134590875584443,
        18.312173606370504,
        33.99853317599475,
        17.320691660374802,
        167.37641783226366,
        24.51263217898402,
        32.31391099960976,
        21.295145140536054,
        15.629345207068694,
        35.67420346885181,
        26.118671410149158,
        29.20637116120503,
        21.26881557922856,
        24.567488444494746,
        30.831193369170403,
        11.595744887218224,
        22.816903332208458,
        21.20189193443935,
        22.692946036081693,
        58.68954806013971,
        27.269955139431698,
        15.853928103954802,
        59.08837122586122,
        23.045272832910918,
        47.419345894918735,
        21.054579060002677,
        13.897788168884222
    ]
}, {
    "sample_size": 1500,
    "dim": 256,
    "delta": [
        0.14489482104648957,
        0.07200612712175491,
        0.13992823388498624,
        0.06729173804386109,
        0.07301907236852562,
        0.09638233128250745,
        0.073620723056982,
        0.15856599367867205,
        0.07450644245621964,
        0.14421523256785465,
        0.09027433748322734,
        0.14811265997273504,
        0.0956744399130751,
        0.17773037528712896,
        0.10725948590544027,
        0.08137827711435011,
        0.0832250111512824,
        0.09659625589410394,
        0.06143384212384259,
        0.07979610158261825,
        0.07540690004314694,
        0.11694571254842596,
        0.10547050992464621,
        0.10821812187077812,
        0.08299149964384031,
        0.10920886826279862,
        0.10370614113895955,
        0.0654675063872575,
        0.10821415344713765,
        0.09929194090609958,
        0.13144097249214043,
        0.19734975301764623,
        0.13736489262960455,
        0.07366056492074036,
        0.12251118821634298,
        0.062473094756433534,
        0.1328225701978508,
        0.1813019571635281,
        0.0943495683398606,
        0.09241611092715063,
        0.07954131562292506,
        0.09618200257521115,
        0.07766334958039078,
        0.19598091959082162,
        0.08607974489512636,
        0.17422354139264745,
        0.13090695806680186,
        0.08498189615626275
    ],
    "diam": [
        17.138920015717268,
        34.91533096369743,
        21.246315331048066,
        31.9422461505838,
        60.72610178484885,
        24.178377595856663,
        38.90282789663403,
        18.382351207193572,
        50.847153858598126,
        32.490756801954205,
        35.274542106520954,
        17.541697070247505,
        28.987344305327326,
        17.855579042559352,
        24.232234672349627,
        34.693296529095825,
        28.43325319240277,
        32.029318015759685,
        42.43310232973345,
        40.571261924434594,
        33.013390029354234,
        41.12512475038469,
        40.451375935006425,
        43.11310613495671,
        44.91746394043897,
        19.844285111315134,
        31.207250400833164,
        38.42391120745463,
        23.67357094592134,
        26.382081692842682,
        18.002489318718673,
        14.503319195766185,
        25.02879164075896,
        32.98812559520882,
        25.923004048424843,
        60.45399403271738,
        25.116488933509686,
        21.38780339406963,
        37.23144113805716,
        26.411950705683115,
        29.12373421610502,
        31.017007530088684,
        38.080138356726145,
        16.3880116992248,
        28.370486192302806,
        21.217726818337542,
        17.411152950904356,
        37.63110538325697
    ]
}, {
    "sample_size": 1500,
    "dim": 512,
    "delta": [
        0.10516470092315762,
        0.13398309579113496,
        0.09213766828544515,
        0.09742567429144042,
        0.13206362066174085,
        0.1461540557699018,
        0.10198635375525271,
        0.11079195635492918,
        0.0839539327665688,
        0.08387180898762492,
        0.08590781265441481,
        0.07822400376040325,
        0.0704243293336542,
        0.07713041699002672,
        0.06738667421165068,
        0.07703102852109928,
        0.08101070262643392,
        0.11416626779863273,
        0.13493801294645189,
        0.121834127775231,
        0.10447328069579842,
        0.09893302123906199,
        0.0981972770619722,
        0.0742572445860476,
        0.08049826634238831,
        0.1101886033666238,
        0.12923527391304024,
        0.08001897621501529,
        0.0880085483551756,
        0.11231857045828379,
        0.10711065764381948,
        0.10084693027046328,
        0.09797056987125337,
        0.0975541661105438,
        0.09519040250932854,
        0.12541984766414202,
        0.09538410612105176,
        0.134453135989009,
        0.09917940062285839,
        0.10018489403283476,
        0.1451879564415509,
        0.08163702281521787,
        0.12835611131571642,
        0.07995683220627606,
        0.07768712273094763,
        0.12417178663898215,
        0.08534986973754025,
        0.11246844603273852
    ],
    "diam": [
        39.69779969136304,
        22.273730353389805,
        28.91544204347736,
        28.430236587492853,
        25.466147274466536,
        27.244321391017483,
        36.782047079333914,
        27.676377519108698,
        38.608824795371625,
        48.717167124718316,
        28.45436391151983,
        38.932321293078964,
        34.05540670773793,
        28.187249908498238,
        32.716433350852405,
        41.44890294449889,
        32.870551300255165,
        25.343349041719367,
        27.911508163523106,
        23.520823783441514,
        37.63972659130678,
        33.721499490082905,
        33.85002435900659,
        44.674397449051746,
        42.84110080535438,
        27.742174137403005,
        24.2479081616344,
        40.31140486923507,
        29.49616976711869,
        26.54571101149169,
        31.326770295616246,
        32.57123806492428,
        28.083675319083632,
        29.73157778679188,
        38.1492268048883,
        33.35113482987675,
        29.444974214691886,
        27.561816275209736,
        27.081500233824443,
        35.24705213201723,
        17.13565381732387,
        33.05635807713756,
        20.484579964061002,
        27.373338654696646,
        35.98459616909598,
        26.72498040557956,
        34.48700202942399,
        21.89334522594508
    ]
}, {
    "sample_size": 1500,
    "dim": 768,
    "delta": [
        0.0828882463586426,
        0.08205385223638574,
        0.08205185893728442,
        0.08819594477084891,
        0.08527477785759986,
        0.07317343864626402,
        0.08329031996088324,
        0.07724025289774233,
        0.10067171893758335,
        0.07221305939945885,
        0.09944226411480454,
        0.09159815954419892,
        0.08913109325197341,
        0.0832812888489673,
        0.07832684123985276,
        0.12766070100379462,
        0.08215285489577538,
        0.09470714890863925,
        0.09688021122611698,
        0.07453812924777097,
        0.0934500530309719,
        0.09374086008674266,
        0.07094881105151739,
        0.09018854622305537,
        0.06486852406206674,
        0.07367924505114144,
        0.11741644471068789,
        0.08836190719424386,
        0.08060825075473087,
        0.11037748208494841,
        0.09127142795461692,
        0.09882076649839971,
        0.09350432770646964,
        0.12862216930920925,
        0.0795226155851268,
        0.07571004665147499,
        0.08486835691494297,
        0.07598657089664901,
        0.0845767464998246,
        0.07605120584506003,
        0.12756176912533695,
        0.07254106054187809,
        0.09408914484483767,
        0.10219866406468735,
        0.09084584780179175,
        0.07245974890135595,
        0.07792586129041328,
        0.1865411477966041
    ],
    "diam": [
        32.53302335739598,
        30.253981047649024,
        31.020205749579645,
        31.494243613122627,
        30.594108904627443,
        39.21013763921137,
        45.18573168303767,
        42.47834936015566,
        37.437673254617366,
        30.439496117821236,
        32.604899355157514,
        26.382950886997914,
        34.714146403911165,
        29.399117302896293,
        35.255183889770144,
        24.940812302079472,
        37.841164473229384,
        34.065333443354184,
        32.51381606140917,
        39.36368521221653,
        29.799351594410854,
        29.212767973013708,
        31.217072584568744,
        35.18327644011579,
        44.980688456952436,
        39.02494884837949,
        35.940912114317484,
        32.38559231282573,
        32.033969593195785,
        30.360779848494868,
        29.184338155661866,
        26.64201982384072,
        34.2566057773086,
        30.90226459010184,
        30.16390545005368,
        45.588051972828005,
        61.879017703585895,
        39.313277197205615,
        46.44576064978761,
        30.690555937595168,
        29.78751917129349,
        38.12915425699929,
        34.644027645059325,
        32.035792134938745,
        32.83429179675316,
        41.33093547632901,
        33.86995481072557,
        21.7979907412435
    ]
}, {
    "sample_size": 1500,
    "dim": 1024,
    "delta": [
        0.08748899661746912,
        0.08631576849595514,
        0.1259895005245393,
        0.10189422140098364,
        0.0901377151668241,
        0.08951585070864215,
        0.035712314469990875,
        0.0826567832999099,
        0.08222581231028235,
        0.11520750533732396,
        0.13190822909850636,
        0.12485101430890216,
        0.11153751704105307,
        0.09529438938019945,
        0.07475839754430535,
        0.08160021256803475,
        0.11463521254138456,
        0.08251934249466315,
        0.0734116586149196,
        0.1235089970799803,
        0.09226173288230907,
        0.07929873730551346,
        0.06936775202436904,
        0.07909532677500711,
        0.09391645426745085,
        0.0965894238337702,
        0.07519075205327558,
        0.08300780308949886,
        0.07053389453777532,
        0.0867267258869638,
        0.04247005527393359,
        0.09127509874807781,
        0.03794309800114975,
        0.09932224006633542,
        0.09689173195864201,
        0.0911238928610225,
        0.09938825048080994,
        0.0813653424838425,
        0.07686595344598537,
        0.0887318436169537,
        0.08141845826975369,
        0.0895743403417085,
        0.10567182871937042,
        0.09162272346869783,
        0.07613971341751263,
        0.09600923853292612,
        0.09103267427470295,
        0.08411287609791472
    ],
    "diam": [
        30.46980425990481,
        37.016574601157366,
        29.36822858564066,
        24.83811272938823,
        32.81870013668668,
        30.378532299449986,
        163.64232673410834,
        44.505642080129135,
        34.6240687344492,
        35.82862944752611,
        27.718844909620163,
        27.983572022207497,
        33.708454669026146,
        39.78554520986182,
        31.991431999868322,
        32.368703551842046,
        35.615598058802725,
        30.38845777946063,
        35.64275078300069,
        26.708222051973387,
        31.940443077157,
        39.820169484872594,
        33.4422632460443,
        34.65066862579063,
        32.17819512207025,
        32.65085832825336,
        39.939574692422525,
        26.064290703863936,
        39.57521872887071,
        26.329816125601475,
        164.85136065246,
        31.955694619432148,
        163.69338741911952,
        31.492170898333875,
        30.49384187014428,
        36.35296302067211,
        31.462779072617867,
        33.04962004427229,
        32.325104545723065,
        30.666399853325803,
        25.676380560175243,
        40.82785049893349,
        36.43267262192582,
        34.2696840383075,
        34.907158570822524,
        29.963705483627457,
        32.31463305254728,
        29.46438699923641
    ]
}, {
    "sample_size": 1500,
    "dim": 1536,
    "delta": [
        0.11091328455968574,
        0.10196191984882536,
        0.10693373975907071,
        0.10780281699932406,
        0.08234139389323535,
        0.0982802125806415,
        0.11135076142269114,
        0.08257018008869742,
        0.13669071007222486,
        0.09748504616110923,
        0.040072775360078035,
        0.07037487824684367,
        0.07554636527995043,
        0.12055957520976403,
        0.11281658132949039,
        0.0797771802638244,
        0.08993334198022165,
        0.10348010015175199,
        0.09099328146280064,
        0.08275427558810432,
        0.10251231772112529,
        0.08361369094525463,
        0.07670480595299482,
        0.08526638366704083,
        0.07871610140845321,
        0.07565197096100203,
        0.07440331206563448,
        0.06839441226308106,
        0.07532672218535728,
        0.08285139350948481,
        0.10771476152370296,
        0.08331323702126722,
        0.13706251971182118,
        0.07448848114026005,
        0.0934104758812087,
        0.10947098209956607,
        0.07062697509520366,
        0.08285384437706866,
        0.10183450941765852,
        0.10680227065777549,
        0.074018308765373,
        0.08407270397234767,
        0.08564438329545192,
        0.07415486983705498,
        0.10223844837559831,
        0.12522354735972555,
        0.09012547990066447,
        0.07160937098726765
    ],
    "diam": [
        36.29699241077824,
        28.39223357260528,
        34.11437405005365,
        32.98750065086458,
        39.5004131171827,
        34.846629699680335,
        31.92776071293919,
        32.60367625047523,
        23.82998080628419,
        30.74326347429645,
        172.0451192885256,
        36.49545528005908,
        42.70326715101786,
        24.5542161392764,
        29.265893072213792,
        46.51536214979506,
        30.688577407423807,
        29.400999857345585,
        30.675369143965984,
        37.539179198947195,
        25.732668429898336,
        48.46053553774422,
        27.413718646601367,
        31.5112381764675,
        32.36634538580611,
        45.171492320207,
        29.142584848102462,
        53.728569435192284,
        34.86154315557548,
        40.212276437837545,
        27.371918303456727,
        29.941161650994378,
        29.801671323120775,
        29.82565054922944,
        30.57599293426204,
        27.141949949672902,
        28.558565051819222,
        33.086015047875286,
        32.995066601275276,
        30.706317796796366,
        40.05865149646351,
        37.88682248214594,
        30.925934993396414,
        52.49804624022164,
        28.883778926365093,
        25.763715197420005,
        32.579425501165645,
        31.33444491197328
    ]
}, {
    "sample_size": 1500,
    "dim": 2048,
    "delta": [
        0.09468024240161232,
        0.10236005856173513,
        0.07246599952935634,
        0.0715348022332593,
        0.07268580767879113,
        0.08458644569271387,
        0.06717886697252588,
        0.08261731812732719,
        0.08464486639278541,
        0.10297190734147663,
        0.07795434122010791,
        0.10867574173526325,
        0.08393152391187139,
        0.11737589225589334,
        0.07566387336116406,
        0.08115838456071771,
        0.0920222195384575,
        0.07323695756148735,
        0.07627012217027147,
        0.08069675127729371,
        0.0966874372454711,
        0.09065483508229406,
        0.07073436789287615,
        0.09950705536207209,
        0.07103218975103515,
        0.07311648480849425,
        0.0765974945211437,
        0.07942945872397135,
        0.07020906836682902,
        0.07828247098941019,
        0.07718385696524395,
        0.0740171165399196,
        0.07405908192110236,
        0.08098994158163351,
        0.0827750765876972,
        0.1126478620518213,
        0.08606065939590242,
        0.07732701193467534,
        0.08028342695032821,
        0.04445870837152586,
        0.07897598759204458,
        0.08266690486423456,
        0.07401523803936186,
        0.10463988549302711,
        0.07807926534823756,
        0.08135017698514273,
        0.11072085158761659,
        0.08962317883870845
    ],
    "diam": [
        28.83825506924563,
        25.95215511868979,
        34.11778236046226,
        33.48703834458102,
        32.88654284080484,
        31.693566503724778,
        31.504263213792786,
        34.23812829520325,
        27.596504023684872,
        28.100804867714427,
        44.554595165671394,
        24.895539616450563,
        29.3289208991338,
        31.5575086044299,
        30.497231372038122,
        40.765001518027375,
        36.87316209725203,
        39.849686303137204,
        42.014765259342255,
        32.01507326371069,
        32.52052202351967,
        35.47784987971379,
        55.12591994236149,
        24.17159012366281,
        32.08559939700051,
        26.695342830620007,
        32.33767683466713,
        31.972494160605585,
        33.83158729048795,
        49.29221339201079,
        31.553476182511766,
        53.91037821313854,
        32.80057689719162,
        43.58012451471303,
        28.72336145026378,
        37.90022678733023,
        37.579135342323944,
        35.508573278598014,
        38.546625560318255,
        163.84909435154614,
        27.05591521362145,
        30.633409622786264,
        31.449382273075063,
        34.66049721719124,
        34.52322556357174,
        33.813618337190654,
        27.248752832516903,
        61.73047885916051
    ]
}, {
    "sample_size": 1500,
    "dim": 3072,
    "delta": [
        0.12016800735619088,
        0.08941570661078461,
        0.07466142212818444,
        0.07990153243815039,
        0.11618317632584409,
        0.07052851235075985,
        0.08573388971863963,
        0.08387985066174046,
        0.06608641981624438,
        0.0706794132589265,
        0.09123359658998355,
        0.0752001574489484,
        0.08566266798144133,
        0.09782800178087656,
        0.08319178230091331,
        0.10140566137506014,
        0.0745313131834622,
        0.07245321377613624,
        0.14395637041108633,
        0.07788970700416074,
        0.08394828455946123,
        0.126267391144514,
        0.06834432873030435,
        0.09421561124232787,
        0.06908698291267096,
        0.09061647662094575,
        0.07935769237495628,
        0.10255145837105566,
        0.09421496841893376,
        0.078558136225579,
        0.08838390275927274,
        0.07522441260989632,
        0.09480933623492586,
        0.07718707169255995,
        0.08509307560080505,
        0.08306949548886937,
        0.10247131623236642,
        0.07210312458656587,
        0.06552593419453603,
        0.07195621420401334,
        0.08124696200365178,
        0.0762691375335979,
        0.08114767184873094,
        0.09491007652420051,
        0.0830499382748796,
        0.06737360714672115,
        0.1205503180242255,
        0.08380956522077199
    ],
    "diam": [
        23.923087418824615,
        31.16804091223885,
        33.978963125573316,
        35.84568703458538,
        34.372410451630586,
        33.682205068690145,
        41.07885047347285,
        37.67197180635406,
        32.66408025895812,
        31.198860208527456,
        35.09310059731039,
        26.92497972280751,
        27.34163324707108,
        35.21599457927526,
        47.47080189630865,
        31.633325889867955,
        33.765327487442356,
        37.416541120373104,
        38.08777011693232,
        29.14126977038585,
        30.11945651075914,
        28.926415944236858,
        60.49442560153689,
        29.193084179951295,
        32.90245702530929,
        33.826955742825064,
        36.69983856726426,
        33.631854602489774,
        29.392874090692025,
        35.131347868366134,
        60.92043530601385,
        50.581880687291246,
        38.977922418007054,
        36.571733234018154,
        29.840203728135833,
        30.160581006925256,
        26.222458353619114,
        30.207307236611353,
        33.38622918986118,
        31.690552481250606,
        34.480104719459575,
        29.35400019275458,
        32.112476440954644,
        30.207307236611353,
        45.40550246961197,
        29.632348603233318,
        25.40698414669963,
        25.116412877461414
    ]
}, {
    "sample_size": 1500,
    "dim": 4096,
    "delta": [
        0.08803515764519078,
        0.07813905846633236,
        0.08751031669564595,
        0.0947296809171296,
        0.09208387009606606,
        0.0715809057177642,
        0.0935663729286865,
        0.07821784606389429,
        0.07675480720533892,
        0.07460577874176119,
        0.08587641079738936,
        0.0770468924743614,
        0.0807213641547358,
        0.07721574804050617,
        0.08499737325013128,
        0.074948931003522,
        0.07932226190866953,
        0.07331434345488565,
        0.08054536577807575,
        0.08761907401904728,
        0.07652114169339422,
        0.07484493320583943,
        0.08307234791642766,
        0.08566679143631663,
        0.0905795542579087,
        0.08218809124637622,
        0.0811689196600368,
        0.079902926812912,
        0.07427739083632069,
        0.08451374192257015,
        0.08248271669716906,
        0.08094275388699797,
        0.07510459060311099,
        0.07651915032373185,
        0.09149173873768562,
        0.08156139111664458,
        0.08619106592603822,
        0.06992425545570101,
        0.10678286696768886,
        0.08027177710575846,
        0.08022308072137213,
        0.08676440430833793,
        0.08268482936331678,
        0.10061537909956925,
        0.08429407089719285,
        0.11227756262018115,
        0.07125933377208002,
        0.080786202906784
    ],
    "diam": [
        29.9173311397612,
        33.3681384442558,
        29.526071213328322,
        23.573062002933803,
        49.2074442572364,
        66.80988306375413,
        35.178542046271915,
        34.743662746187184,
        32.012952962522625,
        63.27189292474497,
        33.867413390723165,
        38.93030347672183,
        34.425460716777444,
        26.90125595650843,
        34.79058725219162,
        29.968605647366164,
        25.783745740675677,
        26.463529256037443,
        61.867963515232105,
        25.8976676920566,
        27.04891568817044,
        35.06339907129665,
        34.74835252309711,
        44.30219219777238,
        32.25243690664827,
        27.758317469166517,
        33.76744265027733,
        33.089457119653915,
        50.50997293714697,
        28.990254339859437,
        33.8137213286859,
        33.95910798160321,
        32.69616539095783,
        35.37062954111815,
        27.824292587863496,
        37.98124728998934,
        29.60948208654484,
        40.04857052494223,
        31.127175377692826,
        30.52401562665438,
        35.01214378114052,
        37.86631607299831,
        39.01379621947925,
        32.74715440538776,
        29.20230285624679,
        29.487038005875778,
        35.0491944998045,
        29.809800255884973
    ]
}]