[{
    "sample_size": 500,
    "dim": 32,
    "delta": [
        0.15584495282633182,
        0.0325341503447629,
        0.07165644321554512,
        0.07713217740785437,
        0.06886186087676277,
        0.04418631674561479,
        0.07996142491413522,
        0.0792133294254599,
        0.17461951024156616,
        0.0744879727664911,
        0.04901536196688352,
        0.07130542810618556,
        0.12821585183117964,
        0.11872559007373247,
        0.07043650908515854,
        0.07264298122722478,
        0.02857981302117968,
        0.022181102673626947,
        0.11756348747475422,
        0.05848432629733784,
        0.0794651544181043,
        0.019735323209596735,
        0.18036524670856,
        0.11529173743917251,
        0.06982385551735894,
        0.06331348599017764,
        0.070892631349016,
        0.10234307815269371,
        0.06547438251801323,
        0.020334372345732772,
        0.06518257287155411,
        0.02230353288402894,
        0.11818659958949566,
        0.04910090925090262,
        0.01900623127164741,
        0.14746292553413157,
        0.08633582649975184,
        0.09985146539018144,
        0.01914453012662458,
        0.0180172540348071,
        0.032655959325898085,
        0.11145562424832242,
        0.0674716852156159,
        0.09770371319167521,
        0.013100199317302863,
        0.032659600630347646,
        0.10615211804834662,
        0.15396023312922763
    ],
    "diam": [
        67.93940713886244,
        370.17422383901743,
        55.811509031062435,
        60.48722550243667,
        50.73516955061343,
        370.1742238390173,
        59.82656919144624,
        60.48722550243667,
        43.49666710905366,
        64.04085495180934,
        370.17422383901743,
        59.88361414866151,
        31.475406154827336,
        63.86100640154302,
        63.861006401542944,
        60.159014153449746,
        369.537330549034,
        366.8020482574934,
        60.159014153449746,
        75.31800782923963,
        59.88361414866151,
        367.78012616110215,
        42.58056661670212,
        30.163435444781154,
        64.04085495180934,
        75.3180078292397,
        63.86100640154302,
        38.48333182426539,
        53.41345367773014,
        369.537330549034,
        75.3180078292397,
        367.38979445495835,
        31.357763806576294,
        370.17422383901743,
        367.78012616110215,
        38.48333182426536,
        48.07764006893963,
        75.3180078292397,
        370.1742238390173,
        367.38979445495835,
        370.17422383901743,
        67.93940713886244,
        64.53394161122014,
        30.153203644296926,
        369.537330549034,
        370.17422383901743,
        42.50035250940143,
        64.53394161122014
    ]
}, {
    "sample_size": 500,
    "dim": 64,
    "delta": [
        0.14022211503316034,
        0.06108463722029999,
        0.044137505268954526,
        0.07496664547590352,
        0.0490068059528248,
        0.10708187446631201,
        0.023068180547176173,
        0.10875250541009472,
        0.07997473547528941,
        0.06859222070006085,
        0.07735306215069486,
        0.14165468425711558,
        0.15579860755630964,
        0.06284302377193711,
        0.04907255332412569,
        0.12148633545203504,
        0.10070455406509461,
        0.028527236962260907,
        0.1558996494538508,
        0.021908725337321713,
        0.1903486450131542,
        0.09977809654494846,
        0.14211052899765825,
        0.022194000276279924,
        0.019263200562919185,
        0.02852654757788455,
        0.09779169673613382,
        0.1249399883767943,
        0.12029671078194414,
        0.020592858191983563,
        0.1184404334993813,
        0.1393939207768879,
        0.07111305230108195,
        0.04418662988798406,
        0.13829373291733452,
        0.09993866603099903,
        0.11420066833361157,
        0.03263291266004951,
        0.11006483395067382,
        0.022038448254636796,
        0.11479730932845263,
        0.10054792113189498,
        0.012641554839384698,
        0.09860893347767324,
        0.0193802044988111,
        0.0763216330083431,
        0.1394074080291463,
        0.11580395509124443
    ],
    "diam": [
        75.31802489284222,
        75.31802489284229,
        370.1742256589384,
        64.04109074627446,
        370.1742256589383,
        42.52112826004919,
        370.1742256589383,
        67.93944919042926,
        38.492909104370064,
        62.498817396999605,
        63.86195476103401,
        53.41382085867253,
        67.93944919042919,
        75.31802489284229,
        370.1742256589383,
        60.501046363899896,
        46.39205138984442,
        370.1742256589384,
        67.93944919042919,
        370.1742256589383,
        38.46872501929663,
        75.31802489284222,
        53.41382085867253,
        366.7030499441247,
        367.389964924798,
        370.1742256589384,
        75.31802489284229,
        62.498817396999605,
        62.498817396999605,
        370.1742256589384,
        63.861954761033935,
        53.41382085867253,
        59.82215791961819,
        370.1742256589383,
        45.50926729288418,
        75.31802489284222,
        64.5339963767014,
        370.1742256589383,
        29.97078153809473,
        369.53733304528373,
        64.04109074627446,
        75.31802489284222,
        370.1742256589384,
        46.39205138984442,
        368.1314846807959,
        63.86195476103401,
        53.41382085867253,
        64.04109074627446
    ]
}, {
    "sample_size": 500,
    "dim": 128,
    "delta": [
        0.07755921656276575,
        0.06311498097463894,
        0.06418046046387059,
        0.06605696757351372,
        0.15112289089779607,
        0.1539418831092944,
        0.09779368233207,
        0.07824416175507318,
        0.15573845911935347,
        0.06546933595923705,
        0.15210707034464738,
        0.06969682291434927,
        0.032605095606597766,
        0.04898424606697212,
        0.021354985468466717,
        0.04936727767878221,
        0.06859479764881178,
        0.15592367523638512,
        0.1559141723835021,
        0.11957234285967802,
        0.06170365775081636,
        0.06480873808587288,
        0.11550720602962433,
        0.0703041107548591,
        0.03268427985330556,
        0.05499285832887666,
        0.07530565711506505,
        0.06437470328874682,
        0.022147302717218983,
        0.06017773386749423,
        0.054540777238679936,
        0.11455761980104945,
        0.12676132104112273,
        0.07868316057550477,
        0.06610361976175533,
        0.11843508538506918,
        0.07064850663427426,
        0.12819088699713588,
        0.12027236601298018,
        0.07035558330150378,
        0.08596335914857474,
        0.11312082558103956,
        0.022896122554312847,
        0.15525994440931656,
        0.14225084447805045,
        0.018773588122637373,
        0.02560400561235307,
        0.06157834775107124
    ],
    "diam": [
        60.51686284734753,
        62.509243237307984,
        58.76154802905213,
        67.93953598819672,
        67.93953598819672,
        64.53478163715995,
        75.31860891104459,
        38.58813059340288,
        67.93953598819672,
        75.31860891104452,
        25.353721351378805,
        75.31860891104452,
        370.17422900712944,
        370.17422900712944,
        370.1742290071295,
        368.1315021728807,
        67.93953598819664,
        67.93953598819672,
        67.93953598819672,
        64.05059443147974,
        75.31860891104459,
        75.31860891104459,
        62.509243237307984,
        42.534638233141344,
        370.1742290071295,
        75.31860891104452,
        64.05059443147974,
        62.509243237307984,
        370.17422900712944,
        64.05059443147974,
        75.31860891104452,
        64.05059443147967,
        55.81307519798065,
        55.751798037374456,
        48.09606577973962,
        64.53478163715995,
        56.491265793055746,
        33.23451086623351,
        62.509243237307984,
        42.19801601486093,
        29.482671145860394,
        33.1314359477186,
        366.70311067784496,
        67.93953598819664,
        53.42548241442802,
        367.7818435291828,
        366.6929675886324,
        64.53478163715995
    ]
}, {
    "sample_size": 500,
    "dim": 256,
    "delta": [
        0.049100972251108,
        0.0871147840469644,
        0.15060979395159568,
        0.13880551161423824,
        0.025733403077032875,
        0.07940644301732398,
        0.07120152582574758,
        0.06866059456774248,
        0.11427881228190154,
        0.16794512873696626,
        0.02578916059602136,
        0.05920340974064586,
        0.098318223484552,
        0.04415237762297558,
        0.14037467072691087,
        0.11574684757571051,
        0.021196019157525087,
        0.11515232786108423,
        0.15334272176290634,
        0.022411446252919687,
        0.08131756424627065,
        0.04906912666934127,
        0.09937122067153115,
        0.049237894843823196,
        0.08330013466390165,
        0.07134554890096144,
        0.13857268960411379,
        0.062294564267290915,
        0.07350077670913586,
        0.02010281242386823,
        0.08140715592082674,
        0.07900347787744146,
        0.016710859095044703,
        0.13943442434728384,
        0.07526408440822166,
        0.06316930055403458,
        0.08072520392538043,
        0.021384820840135987,
        0.028190576066741187,
        0.14065111040303901,
        0.02267913087645123,
        0.12427093028964924,
        0.10533910151983791,
        0.023966055140518427,
        0.14248492609248906,
        0.01362935765510026,
        0.11085882661996534,
        0.07675612183283458
    ],
    "diam": [
        370.1742567167499,
        31.420573729861726,
        48.11114506080788,
        53.43188351085797,
        367.7825045568356,
        28.888785449686768,
        59.884979602418696,
        56.49416088891674,
        62.51334839929055,
        43.561691541292234,
        366.7031910651475,
        75.31885215828044,
        75.31885215828036,
        370.1742567167498,
        75.31885215828036,
        63.87244875989085,
        370.1742567167499,
        33.1365617611981,
        67.94094565980096,
        370.1742567167499,
        31.420573729861726,
        370.1742567167499,
        46.41806599471294,
        368.1317598753298,
        31.529220435439342,
        67.94094565980087,
        31.420573729861726,
        59.82236820312886,
        59.8278007717864,
        366.7031910651475,
        59.884979602418696,
        38.50273755670521,
        370.1742567167499,
        53.43188351085797,
        55.74660034933059,
        48.11114506080788,
        29.438398495604556,
        370.1742567167498,
        370.1742567167499,
        75.31885215828036,
        370.1742567167498,
        50.75133125199778,
        33.126664137816604,
        368.1317598753298,
        33.126664137816604,
        366.6929711559527,
        63.87244875989077,
        55.50507280232882
    ]
}, {
    "sample_size": 500,
    "dim": 512,
    "delta": [
        0.06486796716325835,
        0.04457644966172652,
        0.06182506760303431,
        0.06319048868524399,
        0.11373853376351599,
        0.07891560697310826,
        0.07819148174991429,
        0.0679013398893375,
        0.03258523893382569,
        0.0746957960511327,
        0.06985725985276342,
        0.01708376070891267,
        0.05382493546507616,
        0.08014854631495,
        0.09488113777753304,
        0.12375175964468899,
        0.06932101651208404,
        0.02809424359073959,
        0.10814696403110387,
        0.10232354521213816,
        0.1398591816388492,
        0.15282446197064598,
        0.08665660214947102,
        0.06446150865806687,
        0.07155598334441354,
        0.08583945124431505,
        0.021912146520306822,
        0.09854432264430714,
        0.07636544959064422,
        0.02511502741692458,
        0.11764869427225323,
        0.04915242738424702,
        0.012637622759842313,
        0.06078805367033917,
        0.012634375564091107,
        0.08672482386137811,
        0.07310154286468133,
        0.06132916244364138,
        0.0220046239814223,
        0.06952936075680524,
        0.1218480974471257,
        0.09454260197808674,
        0.11398048443423303,
        0.022671414304067612,
        0.13311493912874287,
        0.07831818848710796,
        0.02549749133552686,
        0.061613481994891146
    ],
    "diam": [
        75.31910874646498,
        75.31910874646492,
        75.31910874646492,
        75.31910874646492,
        64.05451794765503,
        43.564597454002445,
        38.529125980667494,
        67.94111498492663,
        370.17427920061374,
        31.554355640961465,
        64.0545179476551,
        366.69442661187765,
        75.31910874646498,
        38.529125980667494,
        33.26583832369857,
        64.0545179476551,
        38.621403011961874,
        367.78252506891766,
        64.0545179476551,
        64.53657364495538,
        75.31910874646498,
        48.113146085642484,
        45.517043605328,
        62.513651148898234,
        59.831432084284586,
        30.188648257469957,
        370.17427920061374,
        75.31910874646498,
        42.55325744527491,
        368.1317673545407,
        62.513651148898234,
        75.31910874646498,
        366.695528100543,
        59.831432084284586,
        369.53750976447,
        38.518789220844155,
        56.496551909179395,
        75.31910874646498,
        367.3920066201836,
        62.513651148898234,
        62.513651148898234,
        75.31910874646498,
        64.05451794765503,
        366.8076998712347,
        53.43205736220347,
        45.30413878006973,
        370.17427920061374,
        59.89764098288896
    ]
}, {
    "sample_size": 500,
    "dim": 768,
    "delta": [
        0.12058694464254163,
        0.08009097700088148,
        0.08911684835800941,
        0.025452437777508403,
        0.17291171285993664,
        0.09322213106123543,
        0.043651423868521076,
        0.0178304581313879,
        0.077722198662252,
        0.15171677496338934,
        0.059849648273619445,
        0.09635526880428719,
        0.062055042017601605,
        0.17061583289557403,
        0.04393368077139787,
        0.07217616415550857,
        0.02251385575439896,
        0.07458818341658793,
        0.0729726664194509,
        0.059569002699701064,
        0.07955374980005143,
        0.09657020012195962,
        0.10619362503197945,
        0.053476839267231645,
        0.022000144710138222,
        0.02794803921996691,
        0.155365905821255,
        0.07109339700990844,
        0.04382533229304768,
        0.07512579876528126,
        0.18330123036540813,
        0.04421622882294595,
        0.07551969374036047,
        0.11489266516167307,
        0.06976194835401986,
        0.016623783442679486,
        0.06626493637379113,
        0.058402873611083185,
        0.12279784402953499,
        0.10509780976505016,
        0.08064077355602427,
        0.13736111773714557,
        0.12271746528521557,
        0.10548710082249353,
        0.06881689700948693,
        0.022291567006534542,
        0.13461527236624454,
        0.0860409866055718
    ],
    "diam": [
        59.831652864764585,
        50.75401774192736,
        45.51732789542671,
        370.1742823605343,
        42.62437311079492,
        29.03033470024147,
        370.1742823605344,
        370.1742823605344,
        29.980451935690866,
        67.94114250928361,
        75.31926921634445,
        46.421576443235736,
        63.874641406282464,
        42.55368304960976,
        370.1742823605344,
        38.623895952673216,
        366.8078022435283,
        60.17444929820731,
        60.52242027563778,
        59.83853789893211,
        55.58313231143482,
        75.31926921634451,
        67.94114250928354,
        63.874641406282464,
        370.1742823605344,
        370.1742823605344,
        67.94114250928354,
        42.55368304960976,
        370.1742823605344,
        59.838537898932024,
        40.136474365289246,
        370.1742823605344,
        60.52242027563787,
        63.874641406282386,
        67.94114250928361,
        366.6944607040196,
        59.831652864764585,
        75.31926921634445,
        59.838537898932024,
        67.94114250928354,
        31.442535724300456,
        42.55368304960975,
        59.817970410978134,
        33.14799202399241,
        64.05459389163002,
        370.1742823605344,
        53.43211803684923,
        75.31926921634451
    ]
}, {
    "sample_size": 500,
    "dim": 1024,
    "delta": [
        0.0598266092720618,
        0.06085754119144786,
        0.1347282057380624,
        0.06293818439563047,
        0.10141978989923166,
        0.07109291064097219,
        0.12167870027727888,
        0.02686146898097849,
        0.026065543812561962,
        0.04337029516062293,
        0.05421386757174961,
        0.06877315293966123,
        0.1664978049400736,
        0.07837289718107832,
        0.09196369364566258,
        0.05727439746601262,
        0.06719434903525735,
        0.06497254804841043,
        0.04815594800962057,
        0.11394946440445311,
        0.07169158401196903,
        0.06858536060506108,
        0.07649381381264586,
        0.022048210321587065,
        0.16241178913145743,
        0.0219608769373724,
        0.09940428295320833,
        0.0441343542120006,
        0.07342951278755991,
        0.15506978193031826,
        0.02141089991449434,
        0.17235983129668084,
        0.05587076783532735,
        0.07462467466441802,
        0.02194493721309102,
        0.043659995083795186,
        0.02531786801154432,
        0.17475649547999583,
        0.02072273235129769,
        0.04887130636348263,
        0.06195951586351152,
        0.06312957793285763,
        0.05785358622242459,
        0.07526657007648839,
        0.07888053468047336,
        0.02780147428957322,
        0.06577975189884602,
        0.022099010616543686
    ],
    "diam": [
        75.31929784275039,
        75.31929784275039,
        31.559933402519807,
        75.31929784275039,
        75.31929784275046,
        67.94114919808425,
        53.43218871020472,
        370.1742830916176,
        368.1317696685431,
        370.1742830916177,
        75.31929784275046,
        64.05465534019392,
        43.565910177225554,
        59.83187503276592,
        45.51761840606831,
        75.31929784275046,
        67.94114919808418,
        53.43218871020472,
        368.1317696685431,
        64.05465534019385,
        67.94114919808425,
        64.05465534019392,
        64.05465534019385,
        368.1317696685431,
        42.554110548805546,
        370.1742830916176,
        33.27191891830917,
        370.1742830916176,
        63.87483724626547,
        67.94114919808418,
        369.53754454158644,
        40.13706591405611,
        75.31929784275039,
        45.607339236519486,
        366.66810174833546,
        370.1742830916177,
        368.1317696685431,
        40.13706591405611,
        370.1742830916176,
        370.1742830916176,
        75.31929784275046,
        63.87483724626555,
        67.94114919808425,
        59.8388462301648,
        59.83187503276592,
        370.1742830916177,
        64.05465534019392,
        366.80783698503524
    ]
}, {
    "sample_size": 1000,
    "dim": 32,
    "delta": [
        0.04415147541661961,
        0.1182550119510351,
        0.044162617058450496,
        0.04415997618380851,
        0.04904366134338529,
        0.028529769284131024,
        0.11129070567642399,
        0.028321278481841357,
        0.0284649855110349,
        0.049072987934773084,
        0.04905399028563905,
        0.049072274303761966,
        0.04907509848933218,
        0.04432788418857488,
        0.04417352914365362,
        0.04409751196980139,
        0.04477330729988895,
        0.04909329096346973,
        0.04909423500677299,
        0.03265995269910645,
        0.022639743977700324,
        0.04909575118569792,
        0.04917916031883681,
        0.04903465256489664,
        0.11816622786402492,
        0.04418596536384378,
        0.044147476692900894,
        0.025494029487552902,
        0.14065727382034662,
        0.0441840160194962,
        0.049040929328630085,
        0.02267836245313861,
        0.04907905605889192,
        0.02556332258797148,
        0.12277230203180618,
        0.0280243104338876,
        0.0441863607387143,
        0.048484956720746125,
        0.15846182665057076,
        0.022637174420332556,
        0.044185231640274124,
        0.1039187280419358,
        0.12752378499394826,
        0.043780504999704914,
        0.04910070774692222,
        0.1406475588838294,
        0.04906903295633519,
        0.12007785907017346
    ],
    "diam": [
        370.17422383901743,
        64.04085495180941,
        370.17422383901743,
        370.17422383901743,
        370.17422383901743,
        370.1742238390173,
        67.93940713886235,
        370.17422383901743,
        370.17422383901743,
        370.17422383901743,
        370.17422383901743,
        370.17422383901743,
        370.17422383901743,
        370.17422383901743,
        370.17422383901743,
        370.1742238390173,
        370.17422383901743,
        370.17422383901743,
        370.17422383901743,
        370.1742238390173,
        370.17422383901743,
        370.1742238390173,
        369.537330549034,
        370.17422383901743,
        64.04085495180941,
        370.17422383901743,
        370.1742238390173,
        370.17422383901743,
        75.3180078292397,
        370.17422383901743,
        370.17422383901743,
        369.537330549034,
        370.1742238390173,
        370.17422383901743,
        62.498529531784214,
        370.17422383901743,
        370.17422383901743,
        370.17422383901743,
        48.07764006893963,
        370.17422383901743,
        370.17422383901743,
        75.3180078292397,
        63.861006401542944,
        370.17422383901743,
        370.17422383901743,
        75.3180078292397,
        370.17422383901743,
        64.04085495180941
    ]
}, {
    "sample_size": 1000,
    "dim": 64,
    "delta": [
        0.10453703998792994,
        0.10843045148141171,
        0.03270677701580653,
        0.049049625420183554,
        0.031860503404268804,
        0.032635380000979645,
        0.04927579230399107,
        0.04424980286627606,
        0.04428318909849108,
        0.13522260522966087,
        0.032656714516476136,
        0.049182527325970976,
        0.049054555927427065,
        0.1127035449386432,
        0.15589874866971554,
        0.04903552642679846,
        0.028030856485285676,
        0.0490973129737341,
        0.10201051293069333,
        0.14064677871400263,
        0.026391454029549285,
        0.04891594294382128,
        0.15392257892902397,
        0.04908092266747645,
        0.12570116578677096,
        0.08013845209723054,
        0.044185936070831454,
        0.11955325753611339,
        0.14062587665591822,
        0.13093405117125498,
        0.10504561380162393,
        0.049099657780997535,
        0.04906617924146605,
        0.02571693327840033,
        0.04417528727576002,
        0.049091995241784,
        0.044178873725135105,
        0.02851742616406581,
        0.1404720366506668,
        0.03262636481290565,
        0.04431862801038186,
        0.13189071117694992,
        0.048870398893134534,
        0.06488638304517846,
        0.10397475938739657,
        0.09724777473316444,
        0.04413905591421194,
        0.02868526948286118
    ],
    "diam": [
        75.31802489284229,
        67.93944919042926,
        369.53733304528373,
        370.1742256589383,
        370.1742256589384,
        370.1742256589384,
        368.1314846807959,
        370.1742256589383,
        370.1742256589384,
        67.93944919042926,
        370.1742256589384,
        369.53733304528373,
        370.1742256589383,
        67.93944919042926,
        67.93944919042926,
        370.1742256589383,
        370.1742256589384,
        370.1742256589384,
        75.31802489284229,
        75.31802489284222,
        368.1314846807959,
        370.1742256589384,
        64.5339963767014,
        370.1742256589384,
        62.498817396999605,
        75.31802489284222,
        370.1742256589384,
        64.5339963767014,
        75.31802489284229,
        33.203726478471665,
        75.31802489284229,
        370.1742256589384,
        370.1742256589384,
        368.1314846807959,
        370.1742256589383,
        370.1742256589384,
        370.1742256589383,
        370.1742256589384,
        75.31802489284229,
        370.1742256589384,
        370.1742256589383,
        53.41382085867253,
        370.1742256589384,
        75.31802489284229,
        75.31802489284222,
        75.31802489284229,
        370.1742256589384,
        370.1742256589383
    ]
}, {
    "sample_size": 1000,
    "dim": 128,
    "delta": [
        0.049096334521801066,
        0.04909905178246871,
        0.04418558352129065,
        0.12703322505791534,
        0.03082671070537945,
        0.028028836677463385,
        0.04413101521536959,
        0.12220296072503553,
        0.04386106154617826,
        0.14906211704762432,
        0.10308764791193363,
        0.10144349678878391,
        0.031768636336302114,
        0.0490778044971685,
        0.0644180982772941,
        0.09096960162769906,
        0.15592673016966047,
        0.04386496857915316,
        0.04899997298746234,
        0.04418647991519965,
        0.022476148920643473,
        0.13836218558564192,
        0.0657861585050044,
        0.057720149736973085,
        0.04409941662248517,
        0.09368320802411874,
        0.04414721094018397,
        0.04712840940985057,
        0.028523473679055725,
        0.15583596394862537,
        0.043870066638919895,
        0.025359357527858357,
        0.09931469099067572,
        0.04358549440734385,
        0.049100618293090946,
        0.04421922376449355,
        0.04790082697196698,
        0.15339138331795474,
        0.10034286663933473,
        0.15563648004254516,
        0.1400194856376901,
        0.060334193916723636,
        0.04417309283458064,
        0.02308893758624155,
        0.04910068270671719,
        0.13302939981391926,
        0.12047537363256795,
        0.04907709002933805
    ],
    "diam": [
        370.1742290071295,
        370.1742290071295,
        370.1742290071295,
        60.1647697956662,
        369.53745291031044,
        370.1742290071295,
        370.17422900712944,
        60.51686284734753,
        370.1742290071295,
        53.42548241442802,
        75.31860891104459,
        75.31860891104459,
        370.1742290071295,
        370.1742290071295,
        75.31860891104459,
        75.31860891104459,
        67.93953598819664,
        370.1742290071295,
        370.1742290071295,
        370.17422900712944,
        367.3906273581644,
        75.31860891104459,
        75.31860891104459,
        75.31860891104452,
        370.1742290071295,
        75.31860891104459,
        370.17422900712944,
        369.53745291031044,
        370.17422900712944,
        67.93953598819664,
        370.17422900712944,
        370.1742290071295,
        75.31860891104459,
        370.1742290071295,
        370.1742290071295,
        370.1742290071295,
        370.1742290071295,
        67.93953598819664,
        75.31860891104459,
        67.93953598819672,
        75.31860891104459,
        75.31860891104459,
        370.1742290071295,
        370.1742290071295,
        370.1742290071295,
        75.31860891104452,
        63.86573581633828,
        370.17422900712944
    ]
}, {
    "sample_size": 1000,
    "dim": 256,
    "delta": [
        0.06702347435269483,
        0.14065026808011769,
        0.0439692164527624,
        0.04912454545997891,
        0.028566657476834637,
        0.07123663843431377,
        0.11510782879261067,
        0.025567582037839303,
        0.04384337782615371,
        0.03260264067385506,
        0.09347079198575653,
        0.04026615982654213,
        0.04789296549098742,
        0.14031775213952685,
        0.11372604031612339,
        0.15047786136334063,
        0.032725185913545354,
        0.04904479968577485,
        0.04413449239505847,
        0.15393201903898962,
        0.09797425737721034,
        0.09715069046243188,
        0.043957172406911396,
        0.1401438429536899,
        0.049039178591927,
        0.03235749540941827,
        0.048190391867094194,
        0.02151498885185051,
        0.03253093742919358,
        0.03229009555342741,
        0.09873299743090289,
        0.04877290332937406,
        0.04416572524671969,
        0.09637589110742291,
        0.025585956303342525,
        0.044022832701362424,
        0.04417196174460092,
        0.14039329512340865,
        0.049060448282179155,
        0.10032429577487584,
        0.09538497548572678,
        0.06490830158345146,
        0.0486972866399828,
        0.04394884078583654,
        0.09822505138696974,
        0.04892735421333796,
        0.049179347502497674,
        0.14012854935218313
    ],
    "diam": [
        64.53635500929857,
        75.31885215828044,
        370.1742567167499,
        369.5374785321724,
        369.5374785321724,
        62.51334839929055,
        64.05427133591678,
        370.1742567167498,
        370.1742567167499,
        370.1742567167498,
        75.31885215828036,
        370.1742567167499,
        370.1742567167499,
        75.31885215828044,
        64.05427133591678,
        67.94094565980087,
        369.5374785321724,
        370.1742567167499,
        370.1742567167499,
        64.53635500929857,
        75.31885215828044,
        75.31885215828044,
        370.1742567167499,
        75.31885215828044,
        370.1742567167498,
        370.1742567167498,
        370.1742567167499,
        370.1742567167499,
        370.1742567167499,
        370.1742567167499,
        75.31885215828044,
        370.1742567167499,
        370.1742567167498,
        75.31885215828044,
        370.1742567167499,
        370.1742567167498,
        370.1742567167499,
        75.31885215828044,
        370.1742567167499,
        75.31885215828036,
        75.31885215828044,
        75.31885215828044,
        370.1742567167498,
        370.1742567167499,
        75.31885215828044,
        370.1742567167499,
        369.5374785321724,
        75.31885215828044
    ]
}, {
    "sample_size": 1000,
    "dim": 512,
    "delta": [
        0.04865515762531841,
        0.15318845784784282,
        0.06842500342443225,
        0.048751385945033775,
        0.0442526963315202,
        0.04902359689512915,
        0.04890544210358321,
        0.049089432861541896,
        0.048593660637376204,
        0.047467156455982706,
        0.077964707804621,
        0.15582381491226438,
        0.0641445095193855,
        0.04411482273316707,
        0.11080303531355287,
        0.02772898758198599,
        0.04348251992080328,
        0.057201947230597995,
        0.026009031210500265,
        0.0441598480895691,
        0.027834097606740788,
        0.044175008620007374,
        0.08939005060951719,
        0.048794177038148936,
        0.043805239323790025,
        0.09726411643070111,
        0.04426625106994569,
        0.04604791558648462,
        0.04871847386324559,
        0.15554586870099812,
        0.04896980013745647,
        0.032463578410330624,
        0.04066164077533934,
        0.09880669432475483,
        0.04313958475125307,
        0.04873073998144719,
        0.15005963944446313,
        0.08482533084538697,
        0.020133640325151324,
        0.09541607574511032,
        0.139659096474985,
        0.13969951038380593,
        0.1372691331828596,
        0.04852496087066231,
        0.0490475426582098,
        0.04418540912784506,
        0.0441365758502358,
        0.09348967769649152
    ],
    "diam": [
        370.17427920061374,
        64.53657364495538,
        60.173585549088706,
        370.1742792006136,
        370.1742792006136,
        370.17427920061374,
        370.17427920061374,
        370.17427920061374,
        369.53750976447,
        370.17427920061374,
        60.52178646708317,
        67.94111498492663,
        75.31910874646492,
        370.17427920061374,
        64.05451794765503,
        370.17427920061374,
        370.17427920061374,
        75.31910874646498,
        369.53750976447,
        370.17427920061374,
        370.1742792006136,
        370.17427920061374,
        75.31910874646498,
        370.17427920061374,
        370.17427920061374,
        75.31910874646492,
        370.17427920061374,
        370.17427920061374,
        370.17427920061374,
        67.94111498492663,
        370.17427920061374,
        370.17427920061374,
        370.17427920061374,
        75.31910874646492,
        370.1742792006136,
        370.17427920061374,
        48.113146085642484,
        75.31910874646498,
        370.17427920061374,
        75.31910874646498,
        75.31910874646498,
        75.31910874646498,
        75.31910874646498,
        370.17427920061374,
        370.17427920061374,
        370.17427920061374,
        370.17427920061374,
        75.31910874646498
    ]
}, {
    "sample_size": 1000,
    "dim": 768,
    "delta": [
        0.15277757691444438,
        0.04893453547326693,
        0.04840093416341848,
        0.046366050273527776,
        0.04412209155265495,
        0.15560209379571888,
        0.09705685699760452,
        0.044192826198337844,
        0.0696980492554458,
        0.04186035147133217,
        0.0978951716612176,
        0.04877082491406791,
        0.0254257532168714,
        0.044067484223971644,
        0.10680480732904436,
        0.13743089363413735,
        0.048913058389636235,
        0.04328803636850168,
        0.09556741328550997,
        0.02670892390635839,
        0.1372727637712255,
        0.06528678020792684,
        0.044094957471486604,
        0.11091066273973925,
        0.025455549012772423,
        0.13835047525776178,
        0.11601510898402077,
        0.044108600909323274,
        0.11273505478456561,
        0.021239168292319643,
        0.0441082198124627,
        0.1404910667858541,
        0.11191177915773055,
        0.09692551964023643,
        0.10621751045197693,
        0.04382659586356228,
        0.041207619894534926,
        0.06548064897080651,
        0.04903230713328707,
        0.04413082350238878,
        0.030374157530904965,
        0.1385607730716141,
        0.043368737863442045,
        0.13692024719805151,
        0.025922343201972158,
        0.09739409638067972,
        0.028056203903693233,
        0.02475825801041465
    ],
    "diam": [
        64.53675246007558,
        370.1742823605344,
        369.53753940895604,
        370.1742823605344,
        370.1742823605344,
        67.94114250928354,
        75.31926921634451,
        370.1742823605343,
        64.53675246007558,
        370.1742823605344,
        75.31926921634451,
        369.53753940895604,
        366.8078022435283,
        370.1742823605343,
        75.31926921634451,
        75.31926921634451,
        370.1742823605344,
        370.1742823605343,
        75.31926921634445,
        370.1742823605344,
        75.31926921634451,
        64.05459389163009,
        370.1742823605344,
        63.874641406282464,
        370.1742823605343,
        75.31926921634451,
        62.51387316095626,
        370.1742823605343,
        64.05459389163002,
        370.1742823605344,
        370.1742823605344,
        75.31926921634451,
        64.05459389163009,
        75.31926921634451,
        67.94114250928361,
        370.1742823605344,
        370.1742823605343,
        75.31926921634451,
        370.1742823605344,
        370.1742823605344,
        369.53753940895604,
        75.31926921634451,
        370.1742823605343,
        75.31926921634451,
        369.53753940895604,
        75.31926921634451,
        369.53753940895604,
        370.1742823605344
    ]
}, {
    "sample_size": 1000,
    "dim": 1024,
    "delta": [
        0.021483580069660585,
        0.1395194344322367,
        0.137769726759665,
        0.03231270663162385,
        0.04397564489908217,
        0.04379628522638782,
        0.09120480424559123,
        0.11007366288707539,
        0.027728892786220965,
        0.043928651833962884,
        0.032373052058523595,
        0.042834258463383075,
        0.12274949902317023,
        0.043636895813245286,
        0.09689933369936848,
        0.043529753114550186,
        0.15316555628430117,
        0.13714847983185854,
        0.14113293802164292,
        0.11431303924555027,
        0.04404654535506106,
        0.04854727265572175,
        0.0442598233274183,
        0.13946609056051362,
        0.06207019228942985,
        0.13487150216293337,
        0.09324787667392413,
        0.044123056895494527,
        0.04764192797517319,
        0.043448937404712756,
        0.048838848492580585,
        0.04283848378621325,
        0.13398660052936562,
        0.1325960224798303,
        0.02154209277466747,
        0.02214304937239412,
        0.04878989929222935,
        0.0484858645947641,
        0.024968030650986368,
        0.151820776409797,
        0.0486295971120394,
        0.0856182899557384,
        0.1358250002887875,
        0.09426498055068924,
        0.03210199613089121,
        0.06509343338545344,
        0.10132770862481758,
        0.04392956340573436
    ],
    "diam": [
        370.1742830916177,
        75.31929784275046,
        75.31929784275046,
        370.1742830916177,
        370.1742830916177,
        370.1742830916177,
        75.31929784275046,
        64.05465534019385,
        370.1742830916177,
        370.1742830916177,
        368.1317696685431,
        370.1742830916176,
        62.513965162354424,
        370.1742830916177,
        75.31929784275039,
        370.1742830916177,
        67.94114919808425,
        75.31929784275046,
        50.754259742978725,
        62.513965162354424,
        370.1742830916177,
        370.1742830916177,
        370.1742830916177,
        75.31929784275046,
        75.31929784275046,
        75.31929784275046,
        75.31929784275046,
        370.1742830916176,
        370.1742830916177,
        370.1742830916176,
        370.1742830916177,
        370.1742830916177,
        43.565910177225554,
        53.43218871020472,
        370.1742830916177,
        370.1742830916177,
        370.1742830916177,
        370.1742830916177,
        370.1742830916177,
        67.94114919808425,
        370.1742830916177,
        46.421859892800676,
        75.31929784275046,
        75.31929784275039,
        370.1742830916177,
        75.31929784275046,
        75.31929784275046,
        370.1742830916176
    ]
}, {
    "sample_size": 1500,
    "dim": 32,
    "delta": [
        0.04909988828704315,
        0.04910105546255713,
        0.04890850194463069,
        0.0491008348908292,
        0.04908979840942606,
        0.04909441935544211,
        0.04909858241844025,
        0.04909193776648974,
        0.04908438122521655,
        0.04909994583155179,
        0.049100110048904064,
        0.04910101479295057,
        0.04909506834846689,
        0.049067452623639464,
        0.04909624944184075,
        0.049577807140026194,
        0.049087233661996195,
        0.04881316577151439,
        0.04910107148657535,
        0.04909964198516367,
        0.04907143348774154,
        0.049100297790253294,
        0.1406447467731982,
        0.04909964577420731,
        0.04910105294174807,
        0.04905240112357776,
        0.04910100942424473,
        0.049048114839680676,
        0.048995503370795106,
        0.049100478741287354,
        0.049100963650814594,
        0.04418639929395137,
        0.04909470185204775,
        0.049075483886666514,
        0.049098116827648315,
        0.04910013948176129,
        0.04906903295633519,
        0.04909858180971976,
        0.04909039756075616,
        0.049101054788406054,
        0.049101057889993915,
        0.049097654339326086,
        0.04906308591210049,
        0.04906559659483567,
        0.04904145176690062,
        0.04908172344249513,
        0.04910058285062792,
        0.04902739452912756
    ],
    "diam": [
        370.17422383901743,
        370.1742238390173,
        370.17422383901743,
        370.17422383901743,
        370.17422383901743,
        370.17422383901743,
        370.17422383901743,
        370.17422383901743,
        370.17422383901743,
        370.17422383901743,
        370.17422383901743,
        370.17422383901743,
        370.17422383901743,
        370.17422383901743,
        370.17422383901743,
        370.17422383901743,
        370.17422383901743,
        370.17422383901743,
        370.17422383901743,
        370.17422383901743,
        370.17422383901743,
        370.17422383901743,
        75.3180078292397,
        370.17422383901743,
        370.17422383901743,
        370.17422383901743,
        370.17422383901743,
        370.17422383901743,
        370.17422383901743,
        370.17422383901743,
        370.17422383901743,
        370.17422383901743,
        370.17422383901743,
        370.17422383901743,
        370.1742238390173,
        370.17422383901743,
        370.17422383901743,
        370.17422383901743,
        370.17422383901743,
        370.17422383901743,
        370.17422383901743,
        370.17422383901743,
        370.17422383901743,
        370.17422383901743,
        370.17422383901743,
        370.17422383901743,
        370.17422383901743,
        370.17422383901743
    ]
}, {
    "sample_size": 1500,
    "dim": 64,
    "delta": [
        0.04905734010930142,
        0.04904679886887887,
        0.048991431704587154,
        0.04905830297912919,
        0.04909504442473099,
        0.04909924341041963,
        0.04903741283295631,
        0.049065488795004275,
        0.049099641179148897,
        0.049577752556647904,
        0.04909443982627683,
        0.04909024881548641,
        0.049086599864019226,
        0.049100012325037724,
        0.049071086022543446,
        0.049100131984971214,
        0.04897466576495304,
        0.04904522710538272,
        0.049090117405036646,
        0.049072166165511986,
        0.04907555030126542,
        0.04910085880751815,
        0.04908643090776235,
        0.049089741062839386,
        0.049099737720487174,
        0.049098605545394934,
        0.04907312492414496,
        0.048596235736621654,
        0.0491009590426226,
        0.04910012503720326,
        0.04894766880373314,
        0.046005828585593704,
        0.0490453778278593,
        0.04863513106024407,
        0.04909877156151568,
        0.04908937852363681,
        0.049078185350974086,
        0.04886461314997301,
        0.04863954052712746,
        0.04909063440959152,
        0.049051162067255134,
        0.0490995162717971,
        0.04909883855060779,
        0.049090184440369396,
        0.04900490886580142,
        0.04403634004324185,
        0.04907674053066493,
        0.04907456453272631
    ],
    "diam": [
        370.1742256589384,
        370.1742256589384,
        370.1742256589384,
        370.1742256589384,
        370.1742256589384,
        370.1742256589384,
        370.1742256589384,
        370.1742256589384,
        370.1742256589384,
        370.1742256589384,
        370.1742256589384,
        370.1742256589384,
        370.1742256589384,
        370.1742256589384,
        370.1742256589384,
        370.1742256589384,
        370.1742256589384,
        370.1742256589384,
        370.1742256589384,
        370.1742256589384,
        370.1742256589384,
        370.1742256589384,
        370.1742256589384,
        370.1742256589384,
        370.1742256589384,
        370.1742256589384,
        370.1742256589384,
        370.1742256589384,
        370.1742256589384,
        370.1742256589384,
        370.1742256589383,
        370.1742256589384,
        370.1742256589384,
        370.1742256589384,
        370.1742256589384,
        370.1742256589384,
        370.1742256589384,
        370.1742256589384,
        370.1742256589384,
        370.1742256589384,
        370.1742256589384,
        370.1742256589384,
        370.1742256589384,
        370.1742256589384,
        370.1742256589384,
        370.1742256589384,
        370.1742256589384,
        370.1742256589384
    ]
}, {
    "sample_size": 1500,
    "dim": 128,
    "delta": [
        0.049070365462325446,
        0.04600053407289336,
        0.04417598220370521,
        0.048498418760875975,
        0.04817011009728201,
        0.048993374025532506,
        0.04908355516052746,
        0.048767276449594894,
        0.049056259434982645,
        0.0491012736594671,
        0.049094609486079556,
        0.049011925033351715,
        0.048976475899267714,
        0.04417747449625382,
        0.04909636994098086,
        0.04904158443499456,
        0.049065290845854106,
        0.0490920847473083,
        0.04905649762629082,
        0.04422645663781273,
        0.048799328521530065,
        0.04890924789687222,
        0.049096334521801066,
        0.049095256194220754,
        0.049098020957458965,
        0.03403777341858468,
        0.04758596293633715,
        0.04889734810744458,
        0.0491012736594671,
        0.04906330248158546,
        0.0490622554859532,
        0.049098020957458965,
        0.04897636152740195,
        0.1399955833490074,
        0.049088566887209764,
        0.04907045867037134,
        0.049070365462325446,
        0.04908502863409465,
        0.049093580461236956,
        0.04879515322537625,
        0.04582513496323324,
        0.04908797842686867,
        0.10162270193720735,
        0.04412795982139534,
        0.04903760204167818,
        0.048943818353362915,
        0.04909222952255193,
        0.049032238633611884
    ],
    "diam": [
        370.1742290071295,
        370.1742290071295,
        370.1742290071295,
        370.1742290071295,
        370.1742290071295,
        370.1742290071295,
        370.1742290071295,
        370.1742290071295,
        370.1742290071295,
        370.1742290071295,
        370.1742290071295,
        370.1742290071295,
        370.1742290071295,
        370.1742290071295,
        370.1742290071295,
        370.1742290071295,
        370.1742290071295,
        370.1742290071295,
        370.1742290071295,
        370.1742290071295,
        370.1742290071295,
        370.1742290071295,
        370.1742290071295,
        370.1742290071295,
        370.1742290071295,
        370.1742290071295,
        370.1742290071295,
        370.1742290071295,
        370.1742290071295,
        370.1742290071295,
        370.1742290071295,
        370.1742290071295,
        370.1742290071295,
        75.31860891104459,
        370.1742290071295,
        370.1742290071295,
        370.1742290071295,
        370.1742290071295,
        370.1742290071295,
        370.1742290071295,
        370.1742290071295,
        370.1742290071295,
        75.31860891104459,
        370.1742290071295,
        370.1742290071295,
        370.1742290071295,
        370.1742290071295,
        370.1742290071295
    ]
}, {
    "sample_size": 1500,
    "dim": 256,
    "delta": [
        0.048360652120908114,
        0.049077031882161094,
        0.04901576498153471,
        0.04879488263698917,
        0.04871192406259942,
        0.04776266241073398,
        0.049086567396355765,
        0.04883821809231011,
        0.04902303557882826,
        0.04906833818884936,
        0.04910170709207848,
        0.04870210569611958,
        0.0490982116199694,
        0.048992802526468184,
        0.04815244689517636,
        0.04801753956260127,
        0.04869831712673213,
        0.04638936208030952,
        0.04869288509744938,
        0.048403385535007885,
        0.048766708135274776,
        0.04904173903661568,
        0.04906688306232397,
        0.04901812362757158,
        0.04845439817374472,
        0.04855617392033137,
        0.04582220651147056,
        0.049085225145650516,
        0.048967233184782015,
        0.044149437441411137,
        0.047076300954788486,
        0.049045036880110686,
        0.04908644781063063,
        0.04897022722907177,
        0.049092557358543044,
        0.048614531940714766,
        0.04906592230575433,
        0.049086699329867374,
        0.04900574084877511,
        0.048800331304553766,
        0.04905860791319529,
        0.14061379030495136,
        0.04907889856386334,
        0.02822540271143037,
        0.04909346326343158,
        0.04901486507231101,
        0.04879405709353126,
        0.049025659684804504
    ],
    "diam": [
        370.1742567167499,
        370.1742567167499,
        370.1742567167499,
        370.1742567167499,
        370.1742567167499,
        370.1742567167499,
        370.1742567167499,
        370.1742567167499,
        370.1742567167499,
        370.1742567167499,
        370.1742567167499,
        370.1742567167499,
        370.1742567167499,
        370.1742567167499,
        370.1742567167499,
        370.1742567167499,
        370.1742567167499,
        370.1742567167499,
        370.1742567167499,
        370.1742567167499,
        370.1742567167499,
        370.1742567167499,
        370.1742567167499,
        370.1742567167499,
        370.1742567167499,
        370.1742567167499,
        370.1742567167499,
        370.1742567167499,
        370.1742567167499,
        370.1742567167499,
        370.1742567167499,
        370.1742567167499,
        370.1742567167499,
        370.1742567167499,
        370.1742567167499,
        370.1742567167499,
        370.1742567167499,
        370.1742567167499,
        370.1742567167499,
        370.1742567167499,
        370.1742567167498,
        75.31885215828044,
        370.1742567167499,
        370.1742567167499,
        370.1742567167499,
        370.1742567167499,
        370.1742567167499,
        370.1742567167499
    ]
}, {
    "sample_size": 1500,
    "dim": 512,
    "delta": [
        0.04909798218949642,
        0.04906529928733882,
        0.04884956366932208,
        0.048369693586882485,
        0.048952045378693264,
        0.04905403314921775,
        0.04854385052612997,
        0.048764175279139316,
        0.048482428356197475,
        0.044142265645134834,
        0.044139280821306984,
        0.0491024486780391,
        0.049067680777427895,
        0.04866716042493493,
        0.04396717058846878,
        0.04889538849482625,
        0.04906175237638048,
        0.043444512196914135,
        0.03795969097868489,
        0.049004503526030446,
        0.04882019199648215,
        0.04896726780051661,
        0.04899861924818008,
        0.04848614224954262,
        0.04856765989527151,
        0.0490369787928091,
        0.04835675643060213,
        0.04839736630431589,
        0.04890673438505384,
        0.048553008462531466,
        0.04884603819659996,
        0.048369693586882485,
        0.04872054429712274,
        0.047714147020358616,
        0.049049346157767716,
        0.1400512067813239,
        0.043926289473879436,
        0.04902345840401771,
        0.043859822077796144,
        0.04353528750933016,
        0.04616053130088717,
        0.04819263573515832,
        0.04898030856114101,
        0.048350466051243594,
        0.04899445777429881,
        0.04881420483194946,
        0.04880503303333441,
        0.048177479039209437
    ],
    "diam": [
        370.17427920061374,
        370.17427920061374,
        370.17427920061374,
        370.17427920061374,
        370.17427920061374,
        370.17427920061374,
        370.17427920061374,
        370.17427920061374,
        370.17427920061374,
        370.17427920061374,
        370.17427920061374,
        370.17427920061374,
        370.17427920061374,
        370.17427920061374,
        370.17427920061374,
        370.17427920061374,
        370.17427920061374,
        370.17427920061374,
        370.17427920061374,
        370.17427920061374,
        370.17427920061374,
        370.17427920061374,
        370.17427920061374,
        370.17427920061374,
        370.17427920061374,
        370.17427920061374,
        370.17427920061374,
        370.17427920061374,
        370.17427920061374,
        370.17427920061374,
        370.17427920061374,
        370.17427920061374,
        370.17427920061374,
        370.17427920061374,
        370.17427920061374,
        75.31910874646498,
        370.17427920061374,
        370.17427920061374,
        370.17427920061374,
        370.1742792006136,
        370.17427920061374,
        370.17427920061374,
        370.17427920061374,
        370.17427920061374,
        370.17427920061374,
        370.17427920061374,
        370.17427920061374,
        370.17427920061374
    ]
}, {
    "sample_size": 1500,
    "dim": 768,
    "delta": [
        0.04822402199768138,
        0.04903895003934791,
        0.04890251341448158,
        0.03753594649311726,
        0.04902779490947502,
        0.048414905143552504,
        0.04878298218866101,
        0.04904522917424902,
        0.049043635138783744,
        0.04872761249440536,
        0.049035239269729025,
        0.04894930889598522,
        0.04831903159816302,
        0.048933574430866704,
        0.048996095467740496,
        0.048100531038906186,
        0.1391095026074109,
        0.04417670946086887,
        0.048477402693482226,
        0.04828317154785794,
        0.04908452229261844,
        0.04898425250316399,
        0.04876394805421011,
        0.04639179886047846,
        0.0490479226287066,
        0.0491297380553635,
        0.0432697346544143,
        0.04900340034941987,
        0.04853645498307379,
        0.048464365113509746,
        0.048830532203754384,
        0.04781951182880782,
        0.04860174384931988,
        0.04858914920700894,
        0.04878802757010219,
        0.04879446196513528,
        0.04613797122599307,
        0.04847881125724167,
        0.04706247773912908,
        0.04877297115503689,
        0.04898911360729665,
        0.04851553547736149,
        0.048892024846423354,
        0.04807562649861009,
        0.043989932491583505,
        0.04372606126042568,
        0.04887806503761899,
        0.04896482543128713
    ],
    "diam": [
        370.1742823605344,
        370.1742823605344,
        370.1742823605344,
        370.1742823605344,
        370.1742823605344,
        370.1742823605344,
        370.1742823605344,
        370.1742823605344,
        370.1742823605344,
        370.1742823605344,
        370.1742823605344,
        370.1742823605344,
        370.1742823605344,
        370.1742823605344,
        370.1742823605344,
        370.1742823605344,
        75.31926921634451,
        370.1742823605344,
        370.1742823605344,
        370.1742823605344,
        370.1742823605344,
        370.1742823605344,
        370.1742823605344,
        370.1742823605344,
        370.1742823605344,
        369.53753940895604,
        370.1742823605344,
        370.1742823605344,
        370.1742823605343,
        370.1742823605343,
        370.1742823605344,
        370.1742823605344,
        370.1742823605344,
        370.1742823605343,
        370.1742823605344,
        370.1742823605344,
        370.1742823605344,
        370.1742823605344,
        370.1742823605344,
        370.1742823605344,
        370.1742823605344,
        370.1742823605344,
        370.1742823605344,
        370.1742823605344,
        370.1742823605344,
        370.1742823605344,
        370.1742823605344,
        370.1742823605344
    ]
}, {
    "sample_size": 1500,
    "dim": 1024,
    "delta": [
        0.04827332115659797,
        0.04835091790473511,
        0.04405381950940637,
        0.048390681764851874,
        0.04848374020102689,
        0.048484157638535454,
        0.048916544462992095,
        0.04894761494265527,
        0.04896518246406229,
        0.048721941651464915,
        0.047431508159405396,
        0.04418263655943118,
        0.048944372008215206,
        0.04391664510306777,
        0.04908697844092019,
        0.04887583808721514,
        0.0441307774141964,
        0.04893693657535925,
        0.04884401358028563,
        0.04852199537740024,
        0.0489978135699919,
        0.04894777614695125,
        0.043824839956782026,
        0.04883114273044,
        0.0484523059243506,
        0.048511663622765766,
        0.041206696228434155,
        0.04831601006185407,
        0.04866554495119204,
        0.04175997160855424,
        0.04832097285240502,
        0.04867388674584925,
        0.04010062816297416,
        0.04367623734911262,
        0.04734276813579989,
        0.04897124603291019,
        0.04897647407834625,
        0.048794471117798555,
        0.04885691373884911,
        0.04883039675733673,
        0.04799125304646961,
        0.04878288127891759,
        0.04871821037041552,
        0.041958147815081996,
        0.04580466598448998,
        0.04852030391105831,
        0.047846417816150885,
        0.04829142593385839
    ],
    "diam": [
        370.1742830916177,
        370.1742830916177,
        370.1742830916177,
        370.1742830916177,
        370.1742830916177,
        370.1742830916177,
        370.1742830916177,
        370.1742830916177,
        370.1742830916177,
        370.1742830916177,
        370.1742830916177,
        370.1742830916177,
        370.1742830916177,
        370.1742830916177,
        370.1742830916177,
        370.1742830916177,
        370.1742830916177,
        370.1742830916177,
        370.1742830916177,
        370.1742830916177,
        370.1742830916177,
        370.1742830916177,
        370.1742830916177,
        370.1742830916177,
        370.1742830916177,
        370.1742830916177,
        370.1742830916177,
        370.1742830916177,
        370.1742830916177,
        370.1742830916177,
        370.1742830916177,
        370.1742830916177,
        370.1742830916177,
        370.1742830916177,
        370.1742830916177,
        370.1742830916177,
        370.1742830916177,
        370.1742830916177,
        370.1742830916177,
        370.1742830916177,
        370.1742830916177,
        370.1742830916177,
        370.1742830916177,
        370.1742830916177,
        370.1742830916177,
        370.1742830916177,
        370.1742830916177,
        370.1742830916177
    ]
}, {
    "sample_size": 1550,
    "dim": 32,
    "delta": [
        0.049076319587946386,
        0.04908624502599543,
        0.04908395505964849,
        0.04908812199775725,
        0.04893064264222813,
        0.049087160144835947,
        0.04902958817272113,
        0.049083832554991935,
        0.04909964577420731,
        0.04905321772394639,
        0.04909896610137395,
        0.04908101240093441,
        0.049099636271736066,
        0.04957780714002615,
        0.04878491699867119,
        0.04909722943774844,
        0.04909988570110472,
        0.04910047557133417,
        0.048262427407077826,
        0.049075366564373474,
        0.049091220081678946,
        0.04909168066277752,
        0.04908673335713783,
        0.04909931562915923,
        0.04908693325723984,
        0.04907940457271647,
        0.04910020436497069,
        0.04909721730321349,
        0.04907185412853223,
        0.04910085868431745,
        0.049066063760286965,
        0.04910106804090765,
        0.0490935752520777,
        0.04905410422861962,
        0.048878904748611916,
        0.04909441935544211,
        0.049086928933656106,
        0.04910022132384959,
        0.049100948542527646,
        0.04909388336117332,
        0.04910007415437068,
        0.04909992231519558,
        0.04910097630834877,
        0.037672213014896754,
        0.04908531663703656,
        0.04910102650982764,
        0.049096288442825764,
        0.04908673335713783
    ],
    "diam": [
        370.17422383901743,
        370.17422383901743,
        370.17422383901743,
        370.17422383901743,
        370.17422383901743,
        370.17422383901743,
        370.17422383901743,
        370.17422383901743,
        370.17422383901743,
        370.17422383901743,
        370.17422383901743,
        370.17422383901743,
        370.17422383901743,
        370.17422383901743,
        370.17422383901743,
        370.17422383901743,
        370.17422383901743,
        370.17422383901743,
        370.17422383901743,
        370.17422383901743,
        370.17422383901743,
        370.17422383901743,
        370.17422383901743,
        370.17422383901743,
        370.17422383901743,
        370.17422383901743,
        370.17422383901743,
        370.17422383901743,
        370.17422383901743,
        370.17422383901743,
        370.17422383901743,
        370.17422383901743,
        370.17422383901743,
        370.17422383901743,
        370.17422383901743,
        370.17422383901743,
        370.17422383901743,
        370.17422383901743,
        370.17422383901743,
        370.17422383901743,
        370.17422383901743,
        370.17422383901743,
        370.17422383901743,
        370.17422383901743,
        370.17422383901743,
        370.17422383901743,
        370.17422383901743,
        370.17422383901743
    ]
}, {
    "sample_size": 1550,
    "dim": 64,
    "delta": [
        0.04897118993298572,
        0.049089771697830534,
        0.04906325764837031,
        0.04909443982627683,
        0.0490936631678585,
        0.049066775592545714,
        0.04901251915233781,
        0.04907592545060906,
        0.04889762760524359,
        0.04909500547940845,
        0.04904909631947004,
        0.049099749274826195,
        0.04909869618759313,
        0.04909352428056296,
        0.049043550083949526,
        0.04909322429462578,
        0.049069908342168636,
        0.04909871015778208,
        0.049100669529388304,
        0.048939856778439365,
        0.04905801881580129,
        0.04784758183345538,
        0.04910029515093717,
        0.048990371452071774,
        0.04909120986546183,
        0.04908851492842582,
        0.04909264223205057,
        0.04904861373468971,
        0.04909760921197225,
        0.04906647806888468,
        0.049100763261688996,
        0.04900340229992948,
        0.049099641179148897,
        0.04909696557607935,
        0.048888946380333004,
        0.04909248949684532,
        0.04910053568917532,
        0.049048532048619836,
        0.04907846657836328,
        0.04282095500506468,
        0.049078793819442364,
        0.04908940132512248,
        0.04909010201379779,
        0.04903011093711181,
        0.0428209550050647,
        0.049099655622931934,
        0.04908834397885426,
        0.04909662393152302
    ],
    "diam": [
        370.1742256589384,
        370.1742256589384,
        370.1742256589384,
        370.1742256589384,
        370.1742256589384,
        370.1742256589384,
        370.1742256589384,
        370.1742256589384,
        370.1742256589384,
        370.1742256589384,
        370.1742256589384,
        370.1742256589384,
        370.1742256589384,
        370.1742256589384,
        370.1742256589384,
        370.1742256589384,
        370.1742256589384,
        370.1742256589384,
        370.1742256589384,
        370.1742256589384,
        370.1742256589384,
        370.1742256589384,
        370.1742256589384,
        370.1742256589384,
        370.1742256589384,
        370.1742256589384,
        370.1742256589384,
        370.1742256589384,
        370.1742256589384,
        370.1742256589384,
        370.1742256589384,
        370.1742256589384,
        370.1742256589384,
        370.1742256589384,
        370.1742256589384,
        370.1742256589384,
        370.1742256589384,
        370.1742256589384,
        370.1742256589384,
        370.1742256589384,
        370.1742256589384,
        370.1742256589384,
        370.1742256589384,
        370.1742256589384,
        370.1742256589384,
        370.1742256589384,
        370.1742256589384,
        370.1742256589384
    ]
}, {
    "sample_size": 1550,
    "dim": 128,
    "delta": [
        0.04893230889816035,
        0.04910128474698493,
        0.04664983802063816,
        0.04909858309479709,
        0.04854387173040413,
        0.0490942313515077,
        0.049101280832385054,
        0.04897648758474912,
        0.047616568973321165,
        0.04907718532653956,
        0.04703696330217716,
        0.049092853366498636,
        0.04893917032911492,
        0.04884813273441619,
        0.04892166481661193,
        0.048715208327841604,
        0.04888695140573484,
        0.04909983398436296,
        0.04884813273441619,
        0.04901448466863705,
        0.04907133859531921,
        0.04908200649485394,
        0.04895778926059552,
        0.0490977044449945,
        0.04907711505931906,
        0.04902740978147021,
        0.046453766146991676,
        0.049020176402779926,
        0.04907979719208405,
        0.0490958807107489,
        0.049096223611636756,
        0.04892834517850223,
        0.049093915429947545,
        0.04906941165421703,
        0.04870369415174135,
        0.04909981290224008,
        0.048985022013113756,
        0.04910017388535616,
        0.04893366809716667,
        0.04909041145705432,
        0.049051916091216105,
        0.04909732360644326,
        0.049077281369141336,
        0.04910058064841801,
        0.04858573393395869,
        0.048775862255026406,
        0.04907212190155511,
        0.049064911737026484
    ],
    "diam": [
        370.1742290071295,
        370.1742290071295,
        370.1742290071295,
        370.1742290071295,
        370.1742290071295,
        370.1742290071295,
        370.1742290071295,
        370.1742290071295,
        370.1742290071295,
        370.1742290071295,
        370.1742290071295,
        370.1742290071295,
        370.1742290071295,
        370.1742290071295,
        370.1742290071295,
        370.1742290071295,
        370.1742290071295,
        370.1742290071295,
        370.1742290071295,
        370.1742290071295,
        370.1742290071295,
        370.1742290071295,
        370.1742290071295,
        370.1742290071295,
        370.1742290071295,
        370.1742290071295,
        370.1742290071295,
        370.1742290071295,
        370.1742290071295,
        370.1742290071295,
        370.1742290071295,
        370.1742290071295,
        370.1742290071295,
        370.1742290071295,
        370.1742290071295,
        370.1742290071295,
        370.1742290071295,
        370.1742290071295,
        370.1742290071295,
        370.1742290071295,
        370.1742290071295,
        370.1742290071295,
        370.1742290071295,
        370.1742290071295,
        370.1742290071295,
        370.1742290071295,
        370.1742290071295,
        370.1742290071295
    ]
}, {
    "sample_size": 1550,
    "dim": 256,
    "delta": [
        0.049031243276583425,
        0.049100270509497376,
        0.04910104649040585,
        0.048775022259991085,
        0.04898953025951368,
        0.04901053427832081,
        0.04904678154239715,
        0.0490869983313337,
        0.04804712401054702,
        0.04873590599433209,
        0.048700098452539656,
        0.038120094418627855,
        0.048893030310412824,
        0.04907186609352469,
        0.04907980853594995,
        0.0490346619428126,
        0.04910161430599504,
        0.048829292823483195,
        0.04905438362939339,
        0.04897162460512392,
        0.048666273378666455,
        0.049100034212282054,
        0.04891762118173186,
        0.04892871088588699,
        0.04909524896909096,
        0.041723285335755485,
        0.049091819836886375,
        0.049066474227232544,
        0.04910061109733056,
        0.04853788168488835,
        0.048829292823483195,
        0.04906823243889201,
        0.049067180605375335,
        0.04909316892778747,
        0.04899297821914788,
        0.048664628168191365,
        0.049079624177970925,
        0.048591514496103286,
        0.04873425216903784,
        0.04906967718235394,
        0.048992802526468184,
        0.04910348026291746,
        0.04906554146778337,
        0.048751132620740274,
        0.04904946838751706,
        0.04906548771385039,
        0.048081752455913805,
        0.04858086131263001
    ],
    "diam": [
        370.1742567167499,
        370.1742567167499,
        370.1742567167499,
        370.1742567167499,
        370.1742567167499,
        370.1742567167499,
        370.1742567167499,
        370.1742567167499,
        370.1742567167499,
        370.1742567167499,
        370.1742567167499,
        370.1742567167499,
        370.1742567167499,
        370.1742567167499,
        370.1742567167499,
        370.1742567167499,
        370.1742567167499,
        370.1742567167499,
        370.1742567167499,
        370.1742567167499,
        370.1742567167499,
        370.1742567167499,
        370.1742567167499,
        370.1742567167499,
        370.1742567167499,
        370.1742567167499,
        370.1742567167499,
        370.1742567167499,
        370.1742567167499,
        370.1742567167499,
        370.1742567167499,
        370.1742567167499,
        370.1742567167499,
        370.1742567167499,
        370.1742567167499,
        370.1742567167499,
        370.1742567167499,
        370.1742567167499,
        370.1742567167499,
        370.1742567167499,
        370.1742567167499,
        370.1742567167499,
        370.1742567167499,
        370.1742567167499,
        370.1742567167499,
        370.1742567167499,
        370.1742567167499,
        370.1742567167499
    ]
}, {
    "sample_size": 1550,
    "dim": 512,
    "delta": [
        0.04899945195441125,
        0.04889538849482625,
        0.04906613749416,
        0.04883876031110856,
        0.049041597193112726,
        0.04890673438505384,
        0.04881605961751531,
        0.045700560428024936,
        0.047661833338837084,
        0.04855611995875821,
        0.048740209617839515,
        0.04791884081887726,
        0.04909275674691951,
        0.045486279255819106,
        0.048491114102479256,
        0.048671137095330184,
        0.048574658172923425,
        0.04066164077533934,
        0.04861041663531697,
        0.048977702415753374,
        0.0485201812453273,
        0.04896949681232289,
        0.047866165431169165,
        0.048883476771097376,
        0.049018469099684076,
        0.04764915200286576,
        0.049067561890638454,
        0.04892481876605543,
        0.03765893272456372,
        0.04826332840838583,
        0.04736857202169173,
        0.04176362780342884,
        0.04926595013339729,
        0.04745842882854726,
        0.04848963984677487,
        0.04909275674691951,
        0.04906932148397719,
        0.04903856305693707,
        0.049019959692455914,
        0.04848372082633363,
        0.04905388444968631,
        0.04907692861262207,
        0.04797654466732833,
        0.04875732229045222,
        0.04859858169029391,
        0.048860287863438774,
        0.048883476771097376,
        0.048936964621920986
    ],
    "diam": [
        370.17427920061374,
        370.17427920061374,
        370.17427920061374,
        370.17427920061374,
        370.17427920061374,
        370.17427920061374,
        370.17427920061374,
        370.17427920061374,
        370.17427920061374,
        370.17427920061374,
        370.17427920061374,
        370.17427920061374,
        370.17427920061374,
        370.17427920061374,
        370.17427920061374,
        370.17427920061374,
        370.17427920061374,
        370.17427920061374,
        370.17427920061374,
        370.17427920061374,
        370.17427920061374,
        370.17427920061374,
        370.17427920061374,
        370.17427920061374,
        370.17427920061374,
        370.17427920061374,
        370.17427920061374,
        370.17427920061374,
        370.17427920061374,
        370.17427920061374,
        370.17427920061374,
        370.17427920061374,
        370.17427920061374,
        370.17427920061374,
        370.17427920061374,
        370.17427920061374,
        370.17427920061374,
        370.17427920061374,
        370.17427920061374,
        370.17427920061374,
        370.17427920061374,
        370.17427920061374,
        370.17427920061374,
        370.17427920061374,
        370.17427920061374,
        370.17427920061374,
        370.17427920061374,
        370.17427920061374
    ]
}, {
    "sample_size": 1550,
    "dim": 768,
    "delta": [
        0.04869502812638785,
        0.04892307319716688,
        0.048940792479031485,
        0.048968841543006895,
        0.048530802700155404,
        0.04856925123470222,
        0.04872744420588928,
        0.048447605668204295,
        0.047736585250816935,
        0.04891055658501997,
        0.04896824835640295,
        0.048633643639102615,
        0.0490125801112334,
        0.048933574430866704,
        0.048992164207942265,
        0.048342713589471946,
        0.04904314719357607,
        0.04813700765016472,
        0.04903069084237979,
        0.049048763547926144,
        0.04824637095963379,
        0.04895527503703086,
        0.04903916387461031,
        0.04848746718538381,
        0.047865537730899924,
        0.04909272300753934,
        0.04828865340190549,
        0.0487318601797374,
        0.04819142133045066,
        0.046725678165020025,
        0.048860463259260765,
        0.04872794862410808,
        0.04901746693395056,
        0.048610707045075405,
        0.04868024821875486,
        0.04836135375753792,
        0.04885670527087698,
        0.04815283098227499,
        0.049001475735466746,
        0.04891281183763056,
        0.039366237889536373,
        0.04863312309515159,
        0.048558274735366225,
        0.048552516101535576,
        0.049039282706536826,
        0.04858407194188008,
        0.048567710748287626,
        0.048455771221108376
    ],
    "diam": [
        370.1742823605344,
        370.1742823605344,
        370.1742823605344,
        370.1742823605344,
        370.1742823605344,
        370.1742823605344,
        370.1742823605344,
        370.1742823605344,
        370.1742823605344,
        370.1742823605344,
        370.1742823605344,
        370.1742823605344,
        370.1742823605344,
        370.1742823605344,
        370.1742823605344,
        370.1742823605344,
        370.1742823605344,
        370.1742823605344,
        370.1742823605344,
        370.1742823605344,
        370.1742823605344,
        370.1742823605344,
        370.1742823605344,
        370.1742823605344,
        370.1742823605344,
        370.1742823605344,
        370.1742823605344,
        370.1742823605344,
        370.1742823605344,
        370.1742823605344,
        370.1742823605344,
        370.1742823605344,
        370.1742823605344,
        370.1742823605344,
        370.1742823605344,
        370.1742823605344,
        370.1742823605344,
        370.1742823605344,
        370.1742823605344,
        370.1742823605344,
        370.1742823605344,
        370.1742823605344,
        370.1742823605344,
        370.1742823605344,
        370.1742823605344,
        370.1742823605344,
        370.1742823605344,
        370.1742823605344
    ]
}, {
    "sample_size": 1550,
    "dim": 1024,
    "delta": [
        0.04852475691727148,
        0.04867835081671209,
        0.04896147338153862,
        0.048837999709197985,
        0.049070802631079505,
        0.048995747982741984,
        0.04793353601026052,
        0.048871306363482615,
        0.04898219465032973,
        0.04847843017390921,
        0.04879141609899524,
        0.04860951981424691,
        0.04855989260710214,
        0.048619615754549615,
        0.04855290699023346,
        0.048584967094651155,
        0.04721561092084651,
        0.04874867793591759,
        0.045695115778653234,
        0.04906414546750388,
        0.04834285791152696,
        0.04879016818791124,
        0.04718308063771731,
        0.048417681279906616,
        0.04892813939607841,
        0.04838198223182879,
        0.04843993358772333,
        0.0488640115616456,
        0.04840843581068204,
        0.03740649938767686,
        0.04876145300992127,
        0.04564863265084982,
        0.04851792931460827,
        0.04868473717323736,
        0.04882508223363264,
        0.04844888996946612,
        0.04907607838532509,
        0.04822217532850313,
        0.04841234071491275,
        0.04859917028921577,
        0.04841496988555955,
        0.04887583808721514,
        0.04898013864336957,
        0.04903379952861568,
        0.04883434643719974,
        0.0480499372075925,
        0.04898379975030005,
        0.0482565789492581
    ],
    "diam": [
        370.1742830916177,
        370.1742830916177,
        370.1742830916177,
        370.1742830916177,
        370.1742830916177,
        370.1742830916177,
        370.1742830916177,
        370.1742830916177,
        370.1742830916177,
        370.1742830916177,
        370.1742830916177,
        370.1742830916177,
        370.1742830916177,
        370.1742830916177,
        370.1742830916177,
        370.1742830916177,
        370.1742830916177,
        370.1742830916177,
        370.1742830916177,
        370.1742830916177,
        370.1742830916177,
        370.1742830916177,
        370.1742830916177,
        370.1742830916177,
        370.1742830916177,
        370.1742830916177,
        370.1742830916177,
        370.1742830916177,
        370.1742830916177,
        370.1742830916177,
        370.1742830916177,
        370.1742830916177,
        370.1742830916177,
        370.1742830916177,
        370.1742830916177,
        370.1742830916177,
        370.1742830916177,
        370.1742830916177,
        370.1742830916177,
        370.1742830916177,
        370.1742830916177,
        370.1742830916177,
        370.1742830916177,
        370.1742830916177,
        370.1742830916177,
        370.1742830916177,
        370.1742830916177,
        370.1742830916177
    ]
}]